0 37
1 38
2 38
3 38
4 38
5 38
6 39
7 39
8 40
9 40
10 40
11 42
12 43
13 43
14 44
15 44
16 45
17 46
18 46
19 46
20 46
21 46
22 46
23 47
24 47
25 48
26 48
27 48
28 48
29 49
30 49
31 49
32 49
33 51
34 52
35 52
36 52
37 52
38 52
39 52
40 53
41 54
42 54
43 54
44 54
45 54
46 54
47 54
48 54
49 54
50 54
51 54
52 54
53 54
54 54
55 54
56 54
57 54
58 54
59 55
60 55
61 55
62 55
63 55
64 55
65 55
66 55
67 55
68 55
69 55
70 55
71 55
72 55
73 55
74 55
75 55
76 55
77 56
78 57
79 57
80 59
81 59
82 60
83 60
84 60
85 60
86 60
87 60
88 60
89 60
90 60
91 60
92 60
93 60
94 61
95 61
96 62
97 62
98 63
99 63
100 63
101 63
102 63
103 63
104 63
105 63
106 64
107 65
108 65
109 65
110 65
111 65
112 66
113 66
114 66
115 66
116 66
117 66
118 67
119 67
120 67
121 67
122 67
123 67
124 68
125 68
126 68
127 68
128 68
129 68
130 68
131 68
132 68
133 68
134 68
135 68
136 68
137 68
138 68
139 68
140 68
141 69
142 69
143 69
144 69
145 69
146 69
147 69
148 69
149 70
150 72
151 72
152 72
153 72
154 72
155 72
156 72
157 72
158 73
159 73
160 73
161 73
162 73
163 73
164 73
165 73
166 73
167 73
168 73
169 74
170 74
171 74
172 74
173 74
174 74
175 74
176 74
177 75
178 75
179 75
180 75
181 76
182 76
183 76
184 76
185 76
186 76
187 76
188 76
189 76
190 76
191 77
192 77
193 77
194 77
195 77
196 77
197 78
198 78
199 78
200 78
201 78
202 78
203 78
204 78
205 78
206 78
207 78
208 78
209 79
210 79
211 79
212 80
213 80
214 80
215 80
216 81
217 81
218 82
219 82
220 82
221 82
222 83
223 83
224 83
225 83
226 83
227 83
228 83
229 83
230 83
231 83
232 83
233 83
234 84
235 84
236 84
237 84
238 84
239 84
240 84
241 84
242 84
243 84
244 84
245 84
246 84
247 84
248 84
249 84
250 84
251 84
252 84
253 85
254 85
255 85
256 85
257 85
258 85
259 85
260 85
261 85
262 85
263 85
264 85
265 85
266 85
267 85
268 85
269 85
270 85
271 85
272 85
273 85
274 85
275 85
276 85
277 85
278 85
279 85
280 85
281 85
282 85
283 85
284 85
285 85
286 86
287 87
288 87
289 87
290 87
291 87
292 87
293 87
294 87
295 88
296 88
297 88
298 88
299 88
300 88
301 88
302 88
303 88
304 88
305 88
306 89
307 90
308 90
309 90
310 90
311 90
312 90
313 90
314 90
315 90
316 90
317 90
318 90
319 90
320 90
321 90
322 90
323 90
324 90
325 90
326 90
327 91
328 92
329 92
330 92
331 92
332 92
333 92
334 92
335 92
336 92
337 92
338 92
339 92
340 92
341 92
342 92
343 92
344 92
345 92
346 92
347 92
348 92
349 92
350 92
351 92
352 92
353 92
354 92
355 92
356 92
357 92
358 92
359 92
360 92
361 92
362 92
363 92
364 92
365 92
366 92
367 92
368 92
369 92
370 92
371 92
372 92
373 92
374 92
375 92
376 92
377 92
378 92
379 92
380 92
381 92
382 93
383 93
384 93
385 93
386 93
387 93
388 93
389 93
390 93
391 93
392 93
393 93
394 93
395 93
396 93
397 93
398 94
399 94
400 94
401 94
402 94
403 94
404 94
405 94
406 94
407 94
408 94
409 94
410 94
411 94
412 94
413 94
414 94
415 94
416 94
417 94
418 94
419 94
420 94
421 94
422 94
423 94
424 94
425 94
426 94
427 94
428 94
429 94
430 94
431 94
432 94
433 94
434 94
435 94
436 94
437 94
438 94
439 94
440 94
441 94
442 94
443 94
444 94
445 94
446 94
447 94
448 94
449 94
450 94
451 94
452 94
453 94
454 94
455 94
456 94
457 94
458 94
459 94
460 94
461 94
462 94
463 94
464 94
465 94
466 94
467 94
468 94
469 94
470 94
471 94
472 94
473 94
474 94
475 94
476 94
477 94
478 94
479 94
480 94
481 94
482 94
483 94
484 94
485 94
486 94
487 94
488 94
489 94
490 94
491 94
492 94
493 94
494 94
495 94
496 94
497 94
498 94
499 94
500 94
501 94
502 94
503 94
504 94
505 94
506 94
507 94
508 94
509 94
510 94
511 94
512 94
513 94
514 94
515 94
516 94
517 94
518 94
519 94
520 94
521 94
522 94
523 94
524 94
525 94
526 94
527 94
528 94
529 94
530 94
531 94
532 94
533 94
534 94
535 94
536 94
537 94
538 94
539 95
540 95
541 95
542 95
543 95
544 95
545 95
546 95
547 95
548 95
549 95
550 95
551 95
552 95
553 95
554 95
555 95
556 95
557 95
558 95
559 95
560 95
561 95
562 95
563 95
564 95
565 95
566 95
567 95
568 95
569 95
570 95
571 95
572 95
573 95
574 95
575 95
576 95
577 95
578 95
579 95
580 95
581 95
582 95
583 95
584 95
585 95
586 95
587 95
588 95
589 95
590 95
591 95
592 95
593 95
594 95
595 95
596 95
597 95
598 95
599 95
600 95
601 95
602 95
603 95
604 95
605 95
606 95
607 95
608 95
609 95
610 95
611 95
612 95
613 95
614 95
615 95
616 95
617 95
618 95
619 95
620 95
621 95
622 95
623 95
624 95
625 95
626 95
627 95
628 95
629 95
630 95
631 95
632 95
633 95
634 95
635 95
636 95
637 95
638 95
639 95
640 95
641 95
642 95
643 95
644 95
645 95
646 95
647 95
648 95
649 95
650 95
651 95
652 95
653 96
654 96
655 96
656 96
657 96
658 96
659 96
660 96
661 96
662 96
663 96
664 96
665 96
666 96
667 96
668 96
669 96
670 96
671 96
672 96
673 96
674 96
675 96
676 96
677 96
678 96
679 96
680 96
681 96
682 96
683 96
684 96
685 96
686 96
687 96
688 96
689 96
690 96
691 96
692 96
693 96
694 96
695 96
696 96
697 96
698 96
699 96
700 96
701 96
702 96
703 96
704 96
705 96
706 96
707 96
708 96
709 96
710 96
711 96
712 96
713 96
714 96
715 96
716 96
717 96
718 96
719 96
720 96
721 96
722 96
723 96
724 96
725 96
726 96
727 96
728 96
729 96
730 96
731 96
732 96
733 96
734 96
735 96
736 96
737 96
738 96
739 96
740 96
741 96
742 96
743 96
744 96
745 96
746 96
747 96
748 96
749 96
750 96
751 96
752 96
753 96
754 96
755 96
756 96
757 96
758 96
759 96
760 96
761 96
762 96
763 96
764 96
765 96
766 96
767 96
768 96
769 96
770 96
771 96
772 96
773 96
774 96
775 96
776 96
777 96
778 96
779 96
780 96
781 96
782 96
783 96
784 96
785 96
786 96
787 96
788 96
789 96
790 96
791 96
792 96
793 96
794 96
795 96
796 96
797 96
798 96
799 96
800 96
801 96
802 96
803 96
804 96
805 96
806 96
807 96
808 96
809 96
810 96
811 96
812 96
813 96
814 96
815 96
816 96
817 96
818 96
819 96
820 96
821 96
822 96
823 96
824 96
825 96
826 96
827 96
828 96
829 96
830 96
831 96
832 96
833 96
834 96
835 96
836 96
837 96
838 96
839 96
840 96
841 96
842 96
843 96
844 96
845 96
846 96
847 96
848 96
849 96
850 96
851 96
852 96
853 96
854 96
855 96
856 96
857 96
858 96
859 96
860 96
861 96
862 96
863 96
864 96
865 96
866 96
867 96
868 96
869 96
870 96
871 96
872 96
873 96
874 96
875 96
876 96
877 96
878 96
879 96
880 96
881 96
882 96
883 96
884 96
885 96
886 96
887 96
888 96
889 96
890 96
891 96
892 96
893 96
894 96
895 96
896 96
897 96
898 96
899 96
900 96
901 96
902 96
903 96
904 96
905 96
906 96
907 96
908 96
909 96
910 96
911 96
912 96
913 97
914 97
915 97
916 97
917 97
918 97
919 97
920 97
921 97
922 97
923 97
924 97
925 97
926 97
927 97
928 97
929 97
930 97
931 97
932 97
933 97
934 97
935 97
936 97
937 97
938 97
939 97
940 97
941 97
942 97
943 97
944 97
945 97
946 97
947 97
948 97
949 97
950 97
951 97
952 97
953 97
954 97
955 97
956 97
957 97
958 97
959 97
960 97
961 97
962 97
963 97
964 97
965 97
966 97
967 97
968 97
969 97
970 97
971 97
972 97
973 97
974 97
975 97
976 97
977 97
978 97
979 97
980 97
981 97
982 97
983 97
984 97
985 97
986 97
987 97
988 97
989 97
990 97
991 97
992 97
993 97
994 97
995 97
996 97
997 97
998 97
999 97
1000 97
1001 97
1002 97
1003 97
1004 97
1005 97
1006 97
1007 97
1008 97
1009 97
1010 97
1011 97
1012 97
1013 97
1014 97
1015 97
1016 97
1017 97
1018 97
1019 97
1020 97
1021 97
1022 97
1023 97
1024 97
1025 97
1026 97
1027 97
1028 97
1029 97
1030 97
1031 97
1032 97
1033 97
1034 97
1035 97
1036 97
1037 97
1038 97
1039 97
1040 97
1041 97
1042 97
1043 97
1044 97
1045 97
1046 97
1047 97
1048 97
1049 97
1050 97
1051 97
1052 97
1053 97
1054 97
1055 97
1056 97
1057 97
1058 97
1059 97
1060 97
1061 97
1062 97
1063 97
1064 97
1065 97
1066 97
1067 97
1068 97
1069 97
1070 97
1071 97
1072 97
1073 97
1074 97
1075 97
1076 97
1077 97
1078 97
1079 97
1080 97
1081 97
1082 97
1083 97
1084 97
1085 97
1086 97
1087 97
1088 97
1089 97
1090 97
1091 97
1092 97
1093 97
1094 97
1095 97
1096 97
1097 97
1098 97
1099 97
1100 97
1101 97
1102 97
1103 97
1104 97
1105 97
1106 97
1107 97
1108 97
1109 97
1110 97
1111 97
1112 97
1113 97
1114 97
1115 97
1116 97
1117 97
1118 97
1119 97
1120 97
1121 97
1122 97
1123 98
1124 98
1125 98
1126 98
1127 98
1128 98
1129 98
1130 98
1131 98
1132 98
1133 98
1134 98
1135 98
1136 98
1137 98
1138 98
1139 98
1140 98
1141 98
1142 98
1143 98
1144 98
1145 98
1146 98
1147 98
1148 98
1149 98
1150 98
1151 98
1152 98
1153 98
1154 98
1155 98
1156 98
1157 98
1158 98
1159 98
1160 98
1161 98
1162 98
1163 98
1164 98
1165 99
1166 99
1167 99
1168 99
1169 99
1170 99
1171 99
1172 99
1173 99
1174 99
1175 99
1176 99
1177 99
1178 99
1179 99
1180 99
1181 99
1182 99
1183 99
1184 99
1185 99
1186 99
1187 99
1188 99
1189 99
1190 99
1191 99
1192 99
1193 99
1194 99
1195 99
1196 99
1197 99
1198 99
1199 99
1200 99
1201 99
1202 99
1203 99
1204 99
1205 99
1206 99
1207 99
1208 99
1209 99
1210 99
1211 99
1212 99
1213 99
1214 99
1215 99
1216 99
1217 99
1218 99
1219 99
1220 99
1221 99
1222 99
1223 99
1224 99
1225 99
1226 99
1227 99
1228 99
1229 99
1230 99
1231 99
1232 99
1233 99
1234 99
1235 99
1236 99
1237 99
1238 99
1239 99
1240 99
1241 99
1242 99
1243 99
1244 99
1245 99
1246 99
1247 99
1248 99
1249 99
1250 99
1251 99
1252 99
1253 99
1254 99
1255 99
1256 99
1257 99
1258 99
1259 99
1260 99
1261 99
1262 99
1263 99
1264 99
1265 99
1266 99
1267 99
1268 99
1269 99
1270 99
1271 99
1272 99
1273 99
1274 99
1275 99
1276 99
1277 99
1278 99
1279 99
1280 99
1281 99
1282 99
1283 99
1284 99
1285 99
1286 99
1287 99
1288 99
1289 99
1290 99
1291 99
1292 99
1293 99
1294 99
1295 99
1296 99
1297 99
1298 99
1299 99
1300 99
1301 99
1302 99
1303 99
1304 99
1305 99
1306 99
1307 99
1308 99
1309 99
1310 99
1311 99
1312 99
1313 99
1314 99
1315 99
1316 99
1317 99
1318 99
1319 99
1320 99
1321 99
1322 99
1323 99
1324 99
1325 99
1326 99
1327 99
1328 99
1329 99
1330 99
1331 99
1332 99
1333 99
1334 99
1335 99
1336 99
1337 99
1338 99
1339 99
1340 99
1341 99
1342 99
1343 99
1344 99
1345 99
1346 99
1347 99
1348 99
1349 99
1350 99
1351 99
1352 99
1353 99
1354 99
1355 99
1356 99
1357 99
1358 99
1359 99
1360 99
1361 99
1362 99
1363 99
1364 99
1365 99
1366 99
1367 99
1368 99
1369 99
1370 99
1371 99
1372 99
1373 99
1374 99
1375 99
1376 99
1377 99
1378 99
1379 99
1380 99
1381 99
1382 99
1383 99
1384 99
1385 99
1386 99
1387 99
1388 99
1389 99
1390 99
1391 99
1392 99
1393 99
1394 99
1395 99
1396 99
1397 99
1398 99
1399 99
1400 99
1401 99
1402 99
1403 99
1404 99
1405 99
1406 99
1407 99
1408 99
1409 99
1410 99
1411 99
1412 99
1413 99
1414 99
1415 99
1416 99
1417 99
1418 99
1419 99
1420 99
1421 99
1422 99
1423 99
1424 99
1425 99
1426 99
1427 99
1428 99
1429 99
1430 99
1431 99
1432 99
1433 99
1434 99
1435 99
1436 99
1437 99
1438 99
1439 99
1440 99
1441 99
1442 99
1443 99
1444 99
1445 99
1446 99
1447 99
1448 99
1449 99
1450 99
1451 99
1452 99
1453 99
1454 99
1455 99
1456 99
1457 99
1458 99
1459 99
1460 99
1461 99
1462 99
1463 99
1464 99
1465 99
1466 99
1467 99
1468 99
1469 99
1470 99
1471 99
1472 99
1473 99
1474 99
1475 99
1476 99
1477 99
1478 99
1479 99
1480 99
1481 99
1482 99
1483 99
1484 99
1485 99
1486 99
1487 99
1488 99
1489 99
1490 99
1491 99
1492 99
1493 99
1494 99
1495 99
1496 99
1497 99
1498 99
1499 99
1500 99
1501 99
1502 99
1503 99
1504 99
1505 99
1506 99
1507 99
1508 99
1509 99
1510 99
1511 99
1512 99
1513 99
1514 99
1515 99
1516 99
1517 99
1518 99
1519 99
1520 99
1521 99
1522 99
1523 99
1524 99
1525 99
1526 99
1527 99
1528 99
1529 99
1530 99
1531 99
1532 99
1533 99
1534 99
1535 99
1536 99
1537 99
1538 99
1539 99
1540 99
1541 99
1542 99
1543 99
1544 99
1545 99
1546 99
1547 99
1548 99
1549 99
1550 99
1551 99
1552 99
1553 99
1554 99
1555 99
1556 99
1557 99
1558 99
1559 99
1560 99
1561 99
1562 99
1563 99
1564 99
1565 99
1566 99
1567 99
1568 99
1569 99
1570 99
1571 99
1572 99
1573 99
1574 99
1575 99
1576 99
1577 99
1578 99
1579 99
1580 99
1581 99
1582 99
1583 99
1584 99
1585 99
1586 99
1587 99
1588 99
1589 99
1590 99
1591 99
1592 99
1593 99
1594 99
1595 99
1596 99
1597 99
1598 99
1599 99
1600 99
1601 99
1602 99
1603 99
1604 99
1605 99
1606 99
1607 99
1608 99
1609 99
1610 99
1611 99
1612 99
1613 99
1614 99
1615 99
1616 99
1617 99
1618 99
1619 99
1620 99
1621 99
1622 99
1623 99
1624 99
1625 99
1626 99
1627 99
1628 99
1629 99
1630 99
1631 99
1632 99
1633 99
1634 99
1635 99
1636 99
1637 99
1638 99
1639 99
1640 99
1641 99
1642 99
1643 99
1644 99
1645 99
1646 99
1647 99
1648 99
1649 99
1650 99
1651 99
1652 99
1653 99
1654 99
1655 99
1656 99
1657 99
1658 99
1659 99
1660 99
1661 99
1662 99
1663 99
1664 99
1665 99
1666 99
1667 99
1668 99
1669 99
1670 99
1671 99
1672 99
1673 99
1674 99
1675 99
1676 99
1677 99
1678 99
1679 99
1680 99
1681 99
1682 99
1683 99
1684 99
1685 99
1686 99
1687 99
1688 99
1689 99
1690 99
1691 99
1692 99
1693 99
1694 99
1695 99
1696 99
1697 99
1698 99
1699 99
1700 99
1701 99
1702 99
1703 99
1704 99
1705 99
1706 99
1707 99
1708 99
1709 99
1710 99
1711 99
1712 99
1713 99
1714 99
1715 99
1716 99
1717 99
1718 99
1719 99
1720 99
1721 99
1722 99
1723 99
1724 99
1725 99
1726 99
1727 99
1728 99
1729 99
1730 99
1731 99
1732 99
1733 99
1734 99
1735 99
1736 99
1737 99
1738 99
1739 99
1740 99
1741 99
1742 99
1743 99
1744 99
1745 99
1746 99
1747 99
1748 99
1749 99
1750 99
1751 99
1752 99
1753 99
1754 99
1755 99
1756 99
1757 99
1758 99
1759 99
1760 99
1761 99
1762 99
1763 99
1764 99
1765 99
1766 99
1767 99
1768 99
1769 99
1770 99
1771 99
1772 99
1773 99
1774 99
1775 99
1776 99
1777 99
1778 99
1779 99
1780 99
1781 99
1782 99
1783 99
1784 99
1785 99
1786 99
1787 99
1788 99
1789 99
1790 99
1791 99
1792 99
1793 99
1794 99
1795 99
1796 99
1797 99
1798 99
1799 99
1800 99
1801 99
1802 99
1803 99
1804 99
1805 99
1806 99
1807 99
1808 99
1809 99
1810 99
1811 99
1812 99
1813 99
1814 99
1815 99
1816 99
1817 99
1818 99
1819 99
1820 99
1821 99
1822 99
1823 99
1824 99
1825 99
1826 99
1827 99
1828 99
1829 99
1830 99
1831 99
1832 99
1833 99
1834 99
1835 99
1836 99
1837 99
1838 99
1839 99
1840 99
1841 99
1842 99
1843 99
1844 99
1845 99
1846 99
1847 99
1848 99
1849 99
1850 99
1851 99
1852 99
1853 99
1854 99
1855 99
1856 99
1857 99
1858 99
1859 99
1860 99
1861 99
1862 99
1863 99
1864 99
1865 99
1866 99
1867 99
1868 99
1869 99
1870 99
1871 99
1872 99
1873 99
1874 99
1875 99
1876 99
1877 99
1878 99
1879 99
1880 99
1881 99
1882 99
1883 99
1884 99
1885 99
1886 99
1887 99
1888 99
1889 99
1890 99
1891 99
1892 99
1893 99
1894 99
1895 99
1896 99
1897 99
1898 99
1899 99
1900 99
1901 99
1902 99
1903 99
1904 99
1905 99
1906 99
1907 99
1908 99
1909 99
1910 99
1911 99
1912 99
1913 99
1914 99
1915 99
1916 99
1917 99
1918 99
1919 99
1920 99
1921 99
1922 99
1923 99
1924 99
1925 99
1926 99
1927 99
1928 99
1929 99
1930 99
1931 99
1932 99
1933 99
1934 99
1935 99
1936 99
1937 99
1938 99
1939 99
1940 99
1941 99
1942 99
1943 99
1944 99
1945 99
1946 99
1947 99
1948 99
1949 99
1950 99
1951 99
1952 99
1953 99
1954 99
1955 99
1956 99
1957 99
1958 99
1959 99
1960 99
1961 99
1962 99
1963 99
1964 99
1965 99
1966 99
1967 99
1968 99
1969 99
1970 99
1971 99
1972 99
1973 99
1974 99
1975 99
1976 99
1977 99
1978 99
1979 99
1980 99
1981 99
1982 99
1983 99
1984 99
1985 99
1986 99
1987 99
1988 99
1989 99
1990 99
1991 99
1992 99
1993 99
1994 99
1995 99
1996 99
1997 99
1998 99
1999 99
2000 99
2001 99
2002 99
2003 99
2004 99
2005 99
2006 99
2007 99
2008 99
2009 99
2010 99
2011 99
2012 99
2013 99
2014 99
2015 99
2016 99
2017 99
2018 99
2019 99
2020 99
2021 99
2022 99
2023 99
2024 99
2025 99
2026 99
2027 99
2028 99
2029 99
2030 99
2031 99
2032 99
2033 99
2034 99
2035 99
2036 99
2037 99
2038 99
2039 99
2040 99
2041 99
2042 99
2043 99
2044 99
2045 99
2046 99
2047 99
2048 99
2049 99
2050 99
2051 99
2052 99
2053 99
2054 99
2055 99
2056 99
2057 99
2058 99
2059 99
2060 99
2061 99
2062 99
2063 99
2064 99
2065 99
2066 99
2067 99
2068 99
2069 99
2070 99
2071 99
2072 99
2073 99
2074 99
2075 99
2076 99
2077 99
2078 99
2079 99
2080 99
2081 99
2082 99
2083 99
2084 99
2085 99
2086 99
2087 99
2088 99
2089 99
2090 99
2091 99
2092 99
2093 99
2094 99
2095 99
2096 99
2097 99
2098 99
2099 99
2100 99
2101 99
2102 99
2103 99
2104 99
2105 99
2106 99
2107 99
2108 99
2109 99
2110 99
2111 99
2112 99
2113 99
2114 99
2115 99
2116 99
2117 99
2118 99
2119 99
2120 99
2121 99
2122 99
2123 99
2124 99
2125 99
2126 99
2127 99
2128 99
2129 99
2130 99
2131 99
2132 99
2133 99
2134 99
2135 99
2136 99
2137 99
2138 99
2139 99
2140 99
2141 99
2142 99
2143 99
2144 99
2145 99
2146 99
2147 99
2148 99
2149 99
2150 99
2151 99
2152 99
2153 99
2154 99
2155 99
2156 99
2157 99
2158 99
2159 99
2160 99
2161 99
2162 99
2163 99
2164 99
2165 99
2166 99
2167 99
2168 99
2169 99
2170 99
2171 99
2172 99
2173 99
2174 99
2175 99
2176 99
2177 99
2178 99
2179 99
2180 99
2181 99
2182 99
2183 99
2184 99
2185 99
2186 99
2187 99
2188 99
2189 99
2190 99
2191 99
2192 99
2193 99
2194 99
2195 99
2196 99
2197 99
2198 99
2199 99
2200 99
2201 99
2202 99
2203 99
2204 99
2205 99
2206 99
2207 99
2208 99
2209 99
2210 99
2211 99
2212 99
2213 99
2214 99
2215 99
2216 99
2217 99
2218 99
2219 99
2220 99
2221 99
2222 99
2223 99
2224 99
2225 99
2226 99
2227 99
2228 99
2229 99
2230 99
2231 99
2232 99
2233 99
2234 99
2235 99
2236 99
2237 99
2238 99
2239 99
2240 99
2241 99
2242 99
2243 99
2244 99
2245 99
2246 99
2247 99
2248 99
2249 99
2250 99
2251 99
2252 99
2253 99
2254 99
2255 99
2256 99
2257 99
2258 99
2259 99
2260 99
2261 99
2262 99
2263 99
2264 99
2265 99
2266 99
2267 99
2268 99
2269 99
2270 99
2271 99
2272 99
2273 99
2274 99
2275 99
2276 99
2277 99
2278 99
2279 99
2280 99
2281 99
2282 99
2283 99
2284 99
2285 99
2286 99
2287 99
2288 99
2289 99
2290 99
2291 99
2292 99
2293 99
2294 99
2295 99
2296 99
2297 99
2298 99
2299 99
2300 99
2301 99
2302 99
2303 99
2304 99
2305 99
2306 99
2307 99
2308 99
2309 99
2310 99
2311 99
2312 99
2313 99
2314 99
2315 99
2316 99
2317 99
2318 99
2319 99
2320 99
2321 99
2322 99
2323 99
2324 99
2325 99
2326 99
2327 99
2328 99
2329 99
2330 99
2331 99
2332 99
2333 99
2334 99
2335 99
2336 99
2337 99
2338 99
2339 99
2340 99
2341 99
2342 99
2343 99
2344 99
2345 99
2346 99
2347 99
2348 99
2349 99
2350 99
2351 99
2352 99
2353 99
2354 99
2355 99
2356 99
2357 99
2358 99
2359 99
2360 99
2361 99
2362 99
2363 99
2364 99
2365 99
2366 99
2367 99
2368 99
2369 99
2370 99
2371 99
2372 99
2373 99
2374 99
2375 99
2376 99
2377 99
2378 99
2379 99
2380 99
2381 99
2382 99
2383 99
2384 99
2385 99
2386 99
2387 99
2388 99
2389 99
2390 99
2391 99
2392 99
2393 99
2394 99
2395 99
2396 99
2397 99
2398 99
2399 99
2400 99
2401 99
2402 99
2403 99
2404 99
2405 99
2406 99
2407 99
2408 99
2409 99
2410 99
2411 99
2412 99
2413 99
2414 99
2415 99
2416 99
2417 99
2418 99
2419 99
2420 99
2421 99
2422 99
2423 99
2424 99
2425 99
2426 99
2427 99
2428 99
2429 99
2430 99
2431 99
2432 99
2433 99
2434 99
2435 99
2436 99
2437 99
2438 99
2439 99
2440 99
2441 99
2442 99
2443 99
2444 99
2445 99
2446 99
2447 99
2448 99
2449 99
2450 99
2451 99
2452 99
2453 99
2454 99
2455 99
2456 99
2457 99
2458 99
2459 99
2460 99
2461 99
2462 99
2463 99
2464 99
2465 99
2466 99
2467 99
2468 99
2469 99
2470 99
2471 99
2472 99
2473 99
2474 99
2475 99
2476 99
2477 99
2478 99
2479 99
2480 99
2481 99
2482 99
2483 99
2484 99
2485 99
2486 99
2487 99
2488 99
2489 99
2490 99
2491 99
2492 99
2493 99
2494 99
2495 99
2496 99
2497 99
2498 99
2499 99
2500 99
2501 99
2502 99
2503 99
2504 99
2505 99
2506 99
2507 99
2508 99
2509 99
2510 99
2511 99
2512 99
2513 99
2514 99
2515 99
2516 99
2517 99
2518 99
2519 99
2520 99
2521 99
2522 99
2523 99
2524 99
2525 99
2526 99
2527 99
2528 99
2529 99
2530 99
2531 99
2532 99
2533 99
2534 99
2535 99
2536 99
2537 99
2538 99
2539 99
2540 99
2541 99
2542 99
2543 99
2544 99
2545 99
2546 99
2547 99
2548 99
2549 99
2550 99
2551 99
2552 99
2553 99
2554 99
2555 99
2556 99
2557 99
2558 99
2559 99
2560 99
2561 99
2562 99
2563 99
2564 99
2565 99
2566 99
2567 99
2568 99
2569 99
2570 99
2571 99
2572 99
2573 99
2574 99
2575 99
2576 99
2577 99
2578 99
2579 99
2580 99
2581 99
2582 99
2583 99
2584 99
2585 99
2586 99
2587 99
2588 99
2589 99
2590 99
2591 99
2592 99
2593 99
2594 99
2595 99
2596 99
2597 99
2598 99
2599 99
2600 99
2601 99
2602 99
2603 99
2604 99
2605 99
2606 99
2607 99
2608 99
2609 99
2610 99
2611 99
2612 99
2613 99
2614 99
2615 99
2616 99
2617 99
2618 99
2619 99
2620 99
2621 99
2622 99
2623 99
2624 99
2625 99
2626 99
2627 99
2628 99
2629 99
2630 99
2631 99
2632 99
2633 99
2634 99
2635 99
2636 99
2637 99
2638 99
2639 99
2640 99
0 42
0 50
1 50
2 50
3 50
4 51
5 51
6 52
7 52
8 52
9 52
10 53
11 53
12 53
13 53
14 53
15 53
16 53
17 53
18 53
19 54
20 54
21 54
22 55
23 55
24 55
25 55
26 55
27 55
28 55
29 55
30 55
31 55
32 55
33 56
34 56
35 56
36 56
37 56
38 56
39 56
40 56
41 56
42 56
43 56
44 56
45 56
46 56
47 57
48 57
49 57
50 57
51 58
52 59
53 59
54 59
55 59
56 59
57 59
58 59
59 59
60 59
61 59
62 59
63 60
64 60
65 61
66 61
67 61
68 61
69 62
70 62
71 62
72 62
73 62
74 62
75 63
76 63
77 64
78 65
79 66
80 66
81 66
82 66
83 66
84 66
85 66
86 66
87 66
88 66
89 67
90 67
91 67
92 67
93 67
94 67
95 67
96 67
97 67
98 67
99 67
100 67
101 68
102 68
103 68
104 68
105 68
106 68
107 68
108 68
109 68
110 68
111 68
112 68
113 69
114 69
115 70
116 70
117 71
118 71
119 71
120 71
121 71
122 71
123 72
124 72
125 72
126 72
127 73
128 73
129 73
130 73
131 73
132 73
133 73
134 73
135 73
136 73
137 73
138 73
139 73
140 73
141 73
142 73
143 73
144 73
145 73
146 73
147 73
148 73
149 73
150 73
151 73
152 73
153 73
154 73
155 73
156 73
157 73
158 73
159 73
160 73
161 73
162 73
163 73
164 73
165 73
166 73
167 73
168 73
169 73
170 73
171 73
172 73
173 73
174 73
175 73
176 73
177 74
178 74
179 74
180 74
181 74
182 74
183 74
184 74
185 74
186 74
187 74
188 74
189 74
190 74
191 74
192 74
193 74
194 74
195 74
196 74
197 74
198 74
199 74
200 74
201 75
202 75
203 75
204 75
205 75
206 75
207 75
208 75
209 75
210 75
211 75
212 75
213 75
214 75
215 75
216 75
217 75
218 75
219 75
220 75
221 75
222 75
223 76
224 76
225 76
226 76
227 76
228 77
229 77
230 77
231 77
232 77
233 77
234 77
235 77
236 77
237 79
238 79
239 79
240 79
241 79
242 79
243 79
244 79
245 79
246 79
247 79
248 80
249 80
250 80
251 80
252 80
253 81
254 82
255 82
256 82
257 82
258 82
259 82
260 82
261 82
262 82
263 82
264 82
265 82
266 82
267 82
268 82
269 82
270 82
271 82
272 82
273 82
274 82
275 82
276 82
277 82
278 82
279 82
280 82
281 82
282 82
283 82
284 82
