0 31
1 31
2 31
3 31
4 32
5 32
6 32
7 33
8 33
9 33
10 33
11 34
12 34
13 35
14 35
15 36
16 36
17 36
18 36
19 36
20 36
21 37
22 37
23 38
24 39
25 40
26 41
27 42
28 42
29 42
30 42
31 42
32 42
33 42
34 43
35 43
36 44
37 44
38 44
39 46
40 46
41 46
42 46
43 46
44 46
45 46
46 46
47 46
48 46
49 46
50 46
51 47
52 47
53 47
54 47
55 47
56 48
57 48
58 48
59 48
60 48
61 48
62 48
63 48
64 50
65 50
66 50
67 50
68 50
69 51
70 53
71 53
72 53
73 53
74 55
75 55
76 55
77 56
78 56
79 56
80 56
81 56
82 56
83 57
84 57
85 57
86 58
87 58
88 58
89 58
90 58
91 58
92 58
93 59
94 59
95 59
96 59
97 59
98 60
99 60
100 60
101 60
102 60
103 62
104 62
105 62
106 63
107 63
108 63
109 63
110 64
111 65
112 65
113 66
114 66
115 66
116 67
117 68
118 68
119 68
120 69
121 70
122 72
123 72
124 72
125 72
126 72
127 72
128 72
129 72
130 72
131 72
132 72
133 72
134 72
135 72
136 72
137 72
138 72
139 72
140 72
141 72
142 72
143 72
144 72
145 72
146 72
147 72
148 72
149 72
150 72
151 73
152 74
153 74
154 74
155 74
156 74
157 74
158 74
159 75
160 75
161 75
162 75
163 75
164 75
165 75
166 75
167 75
168 75
169 76
170 76
171 76
172 76
173 76
174 77
175 77
176 78
177 78
178 78
179 78
180 78
181 79
182 79
183 80
184 80
185 80
186 80
187 80
188 80
189 80
190 80
191 80
192 80
193 80
194 80
195 80
196 80
197 80
198 81
199 81
200 82
201 82
202 82
203 82
204 82
205 82
206 82
207 82
208 82
209 82
210 82
211 82
212 83
213 83
214 83
215 83
216 83
217 83
218 83
219 83
220 83
221 83
222 83
223 83
224 83
225 83
226 83
227 83
228 83
229 83
230 83
231 83
232 83
233 83
234 83
235 84
236 84
237 84
238 85
239 85
240 85
241 85
242 85
243 85
244 85
245 85
246 85
247 85
248 85
249 85
250 85
251 86
252 86
253 86
254 86
255 86
256 87
257 87
258 87
259 87
260 87
261 87
262 87
263 87
264 87
265 87
266 87
267 87
268 87
269 87
270 87
271 87
272 87
273 87
274 87
275 87
276 87
277 87
278 87
279 87
280 87
281 87
282 87
283 87
284 87
285 87
286 87
287 87
288 87
289 87
290 87
291 87
292 87
293 87
294 87
295 87
296 87
297 87
298 87
299 87
300 87
301 88
302 88
303 88
304 88
305 88
306 88
307 88
308 88
309 88
310 88
311 88
312 88
313 88
314 88
315 88
316 88
317 88
318 88
319 88
320 88
321 88
322 88
323 88
324 88
325 88
326 88
327 88
328 88
329 88
330 88
331 88
332 88
333 88
334 88
335 88
336 88
337 88
338 88
339 88
340 88
341 88
342 88
343 88
344 88
345 88
346 88
347 88
348 88
349 88
350 88
351 88
352 88
353 88
354 88
355 88
356 88
357 88
358 88
359 88
360 88
361 88
362 88
363 88
364 88
365 88
366 88
367 88
368 88
369 88
370 88
371 89
372 89
373 89
374 89
375 89
376 89
377 89
378 89
379 89
380 89
381 89
382 89
383 89
384 89
385 89
386 89
387 89
388 89
389 89
390 89
391 89
392 89
393 89
394 89
395 89
396 89
397 89
398 89
399 89
400 89
401 89
402 89
403 89
404 89
405 89
406 89
407 89
408 89
409 89
410 89
411 89
412 89
413 89
414 89
415 89
416 89
417 89
418 89
419 89
420 89
421 89
422 89
423 89
424 89
425 89
426 89
427 89
428 89
429 89
430 89
431 89
432 89
433 89
434 89
435 89
436 89
437 89
438 89
439 89
440 89
441 89
442 89
443 89
444 89
445 89
446 89
447 89
448 89
449 89
450 89
451 89
452 89
453 89
454 89
455 89
456 89
457 89
458 89
459 89
460 89
461 89
462 89
463 89
464 89
465 89
466 89
467 89
468 89
469 89
470 89
471 89
472 89
473 89
474 89
475 89
476 89
477 89
478 89
479 89
480 89
481 89
482 89
483 89
484 89
485 89
486 89
487 89
488 89
489 89
490 89
491 89
492 89
493 89
494 89
495 89
496 89
497 89
498 89
499 89
500 89
501 89
502 89
503 89
504 89
505 89
506 89
507 89
508 89
509 89
510 89
511 89
512 90
513 90
514 90
515 90
516 90
517 90
518 90
519 90
520 90
521 90
522 90
523 90
524 90
525 90
526 90
527 90
528 90
529 90
530 90
531 90
532 90
533 90
534 90
535 90
536 90
537 90
538 90
539 90
540 90
541 90
542 90
543 90
544 90
545 90
546 90
547 90
548 90
549 90
550 90
551 90
552 90
553 90
554 90
555 90
556 90
557 90
558 90
559 90
560 90
561 91
562 91
563 91
564 91
565 91
566 91
567 91
568 91
569 92
570 92
571 92
572 92
573 92
574 92
575 92
576 92
577 92
578 92
579 92
580 92
581 92
582 92
583 92
584 92
585 92
586 92
587 92
588 92
589 92
590 92
591 92
592 92
593 92
594 92
595 92
596 92
597 92
598 92
599 92
600 92
601 92
602 92
603 92
604 92
605 92
606 92
607 92
608 92
609 92
610 92
611 92
612 92
613 92
614 92
615 92
616 92
617 92
618 92
619 92
620 92
621 92
622 92
623 92
624 92
625 92
626 92
627 92
628 92
629 92
630 92
631 92
632 92
633 92
634 92
635 92
636 92
637 92
638 92
639 92
640 92
641 93
642 93
643 93
644 93
645 93
646 93
647 93
648 93
649 93
650 93
651 93
652 93
653 93
654 93
655 93
656 93
657 93
658 93
659 93
660 93
661 93
662 93
663 93
664 93
665 93
666 93
667 93
668 93
669 93
670 93
671 93
672 93
673 93
674 93
675 93
676 93
677 93
678 93
679 93
680 93
681 93
682 93
683 93
684 93
685 93
686 93
687 93
688 93
689 93
690 93
691 93
692 93
693 93
694 93
695 93
696 93
697 93
698 93
699 93
700 93
701 93
702 93
703 93
704 93
705 93
706 93
707 93
708 93
709 93
710 93
711 93
712 93
713 93
714 93
715 93
716 93
717 93
718 93
719 93
720 93
721 93
722 93
723 93
724 93
725 93
726 93
727 93
728 93
729 93
730 93
731 93
732 93
733 93
734 93
735 93
736 93
737 93
738 93
739 93
740 93
741 93
742 93
743 93
744 93
745 93
746 93
747 94
748 94
749 94
750 94
751 94
752 94
753 94
754 94
755 94
756 94
757 94
758 94
759 94
760 94
761 94
762 94
763 94
764 94
765 94
766 94
767 94
768 94
769 94
770 94
771 94
772 94
773 94
774 94
775 94
776 94
777 94
778 94
779 94
780 94
781 94
782 94
783 94
784 94
785 94
786 94
787 94
788 94
789 94
790 94
791 94
792 94
793 94
794 94
795 94
796 94
797 94
798 94
799 94
800 94
801 94
802 94
803 94
804 94
805 94
806 94
807 94
808 94
809 94
810 94
811 94
812 94
813 94
814 94
815 94
816 94
817 94
818 94
819 94
820 94
821 94
822 94
823 94
824 94
825 94
826 94
827 94
828 94
829 94
830 94
831 94
832 94
833 94
834 94
835 94
836 94
837 94
838 94
839 94
840 94
841 94
842 94
843 94
844 94
845 94
846 94
847 94
848 94
849 94
850 94
851 94
852 94
853 94
854 94
855 94
856 94
857 94
858 94
859 94
860 94
861 94
862 94
863 94
864 94
865 94
866 94
867 94
868 94
869 94
870 94
871 94
872 94
873 94
874 94
875 94
876 94
877 94
878 94
879 94
880 94
881 94
882 94
883 94
884 94
885 94
886 94
887 94
888 94
889 94
890 94
891 94
892 94
893 94
894 94
895 94
896 94
897 94
898 94
899 94
900 94
901 94
902 94
903 94
904 94
905 94
906 94
907 94
908 94
909 94
910 94
911 94
912 94
913 94
914 94
915 94
916 94
917 94
918 94
919 94
920 94
921 94
922 94
923 94
924 94
925 94
926 94
927 94
928 94
929 94
930 94
931 94
932 94
933 94
934 94
935 94
936 94
937 94
938 94
939 94
940 94
941 94
942 94
943 94
944 94
945 94
946 94
947 94
948 94
949 94
950 94
951 94
952 94
953 94
954 94
955 94
956 94
957 94
958 94
959 94
960 94
961 94
962 94
963 94
964 94
965 94
966 94
967 94
968 94
969 94
970 94
971 94
972 94
973 94
974 94
975 94
976 94
977 94
978 94
979 94
980 94
981 94
982 94
983 94
984 94
985 94
986 94
987 94
988 94
989 94
990 94
991 94
992 95
993 95
994 95
995 95
996 95
997 95
998 95
999 95
1000 95
1001 95
1002 95
1003 95
1004 95
1005 95
1006 95
1007 95
1008 95
1009 95
1010 95
1011 95
1012 95
1013 95
1014 95
1015 95
1016 95
1017 95
1018 95
1019 95
1020 95
1021 95
1022 95
1023 95
1024 95
1025 95
1026 95
1027 95
1028 95
1029 95
1030 95
1031 95
1032 95
1033 95
1034 95
1035 95
1036 95
1037 95
1038 95
1039 95
1040 95
1041 95
1042 95
1043 95
1044 95
1045 95
1046 95
1047 95
1048 95
1049 95
1050 95
1051 95
1052 95
1053 95
1054 95
1055 95
1056 95
1057 95
1058 95
1059 95
1060 95
1061 95
1062 95
1063 95
1064 95
1065 95
1066 95
1067 95
1068 95
1069 96
1070 96
1071 96
1072 96
1073 96
1074 96
1075 96
1076 96
1077 96
1078 96
1079 96
1080 96
1081 96
1082 96
1083 96
1084 96
1085 96
1086 96
1087 96
1088 96
1089 96
1090 96
1091 96
1092 96
1093 96
1094 96
1095 96
1096 96
1097 96
1098 96
1099 96
1100 96
1101 96
1102 96
1103 96
1104 96
1105 96
1106 96
1107 96
1108 96
1109 96
1110 96
1111 96
1112 96
1113 96
1114 96
1115 96
1116 96
1117 96
1118 96
1119 96
1120 96
1121 96
1122 96
1123 96
1124 96
1125 96
1126 96
1127 96
1128 96
1129 96
1130 96
1131 96
1132 96
1133 96
1134 96
1135 96
1136 96
1137 96
1138 96
1139 96
1140 96
1141 96
1142 96
1143 96
1144 96
1145 96
1146 96
1147 96
1148 96
1149 96
1150 96
1151 96
1152 96
1153 96
1154 96
1155 96
1156 96
1157 96
1158 96
1159 96
1160 96
1161 96
1162 96
1163 96
1164 96
1165 96
1166 96
1167 96
1168 96
1169 96
1170 96
1171 96
1172 96
1173 96
1174 96
1175 96
1176 96
1177 96
1178 96
1179 96
1180 96
1181 96
1182 96
1183 96
1184 96
1185 96
1186 96
1187 96
1188 96
1189 96
1190 96
1191 96
1192 96
1193 96
1194 96
1195 96
1196 96
1197 96
1198 96
1199 96
1200 96
1201 96
1202 96
1203 96
1204 96
1205 96
1206 96
1207 96
1208 96
1209 96
1210 96
1211 96
1212 96
1213 96
1214 96
1215 96
1216 96
1217 96
1218 96
1219 96
1220 96
1221 96
1222 96
1223 96
1224 96
1225 96
1226 96
1227 96
1228 96
1229 96
1230 96
1231 96
1232 96
1233 96
1234 96
1235 96
1236 96
1237 96
1238 96
1239 96
1240 96
1241 96
1242 96
1243 96
1244 96
1245 96
1246 96
1247 96
1248 96
1249 96
1250 96
1251 96
1252 96
1253 96
1254 96
1255 96
1256 96
1257 96
1258 96
1259 96
1260 96
1261 96
1262 96
1263 96
1264 96
1265 96
1266 96
1267 96
1268 96
1269 96
1270 96
1271 96
1272 96
1273 96
1274 96
1275 96
1276 96
1277 96
1278 96
1279 96
1280 96
1281 96
1282 96
1283 96
1284 96
1285 96
1286 96
1287 96
1288 96
1289 96
1290 96
1291 96
1292 96
1293 96
1294 96
1295 96
1296 96
1297 96
1298 96
1299 96
1300 96
1301 96
1302 96
1303 96
1304 96
1305 96
1306 96
1307 96
1308 96
1309 96
1310 96
1311 96
1312 96
1313 96
1314 96
1315 96
1316 96
1317 96
1318 96
1319 96
1320 96
1321 96
1322 96
1323 96
1324 96
1325 96
1326 96
1327 96
1328 96
1329 96
1330 96
1331 96
1332 96
1333 96
1334 96
1335 96
1336 96
1337 96
1338 96
1339 96
1340 96
1341 96
1342 96
1343 96
1344 96
1345 96
1346 96
1347 96
1348 96
1349 96
1350 96
1351 96
1352 96
1353 96
1354 96
1355 96
1356 96
1357 96
1358 96
1359 96
1360 96
1361 96
1362 96
1363 96
1364 96
1365 96
1366 96
1367 96
1368 96
1369 96
1370 96
1371 96
1372 96
1373 96
1374 96
1375 96
1376 96
1377 96
1378 96
1379 96
1380 96
1381 96
1382 96
1383 96
1384 96
1385 96
1386 96
1387 96
1388 96
1389 96
1390 96
1391 96
1392 96
1393 96
1394 96
1395 96
1396 96
1397 96
1398 96
1399 96
1400 96
1401 96
1402 96
1403 96
1404 96
1405 96
1406 96
1407 96
1408 96
1409 96
1410 96
1411 96
1412 96
1413 96
1414 96
1415 96
1416 96
1417 96
1418 96
1419 96
1420 96
1421 96
1422 96
1423 96
1424 96
1425 96
1426 96
1427 96
1428 96
1429 96
1430 96
1431 96
1432 96
1433 96
1434 96
1435 96
1436 96
1437 96
1438 96
1439 96
1440 96
1441 96
1442 96
1443 96
1444 96
1445 96
1446 96
1447 96
1448 96
1449 96
1450 96
1451 96
1452 96
1453 96
1454 96
1455 96
1456 96
1457 96
1458 96
1459 96
1460 96
1461 96
1462 96
1463 96
1464 96
1465 96
1466 96
1467 96
1468 96
1469 96
1470 96
1471 96
1472 96
1473 96
1474 96
1475 96
1476 96
1477 96
1478 96
1479 96
1480 96
1481 96
1482 96
1483 96
1484 96
1485 96
1486 96
1487 96
1488 96
1489 96
1490 96
1491 96
1492 96
1493 96
1494 96
1495 96
1496 96
1497 96
1498 96
1499 96
1500 96
1501 96
1502 96
1503 96
1504 96
1505 96
1506 96
1507 96
1508 96
1509 96
1510 96
1511 96
1512 96
1513 96
1514 96
1515 96
1516 96
1517 96
1518 96
1519 96
1520 96
1521 96
1522 96
1523 96
1524 96
1525 96
1526 96
1527 96
1528 96
1529 96
1530 96
1531 96
1532 96
1533 96
1534 96
1535 96
1536 96
1537 96
1538 96
1539 96
1540 96
1541 96
1542 96
1543 96
1544 96
1545 96
1546 96
1547 96
1548 96
1549 96
1550 96
1551 96
1552 96
1553 96
1554 96
1555 96
1556 96
1557 96
1558 96
1559 96
1560 96
1561 96
1562 96
1563 96
1564 96
1565 96
1566 96
1567 96
1568 96
1569 96
1570 96
1571 96
1572 96
1573 96
1574 96
1575 96
1576 96
1577 96
1578 96
1579 96
1580 96
1581 96
1582 96
1583 96
1584 96
1585 96
1586 96
1587 96
1588 96
1589 96
1590 96
1591 96
1592 96
1593 96
1594 96
1595 96
1596 96
1597 96
1598 96
1599 96
1600 96
1601 96
1602 96
1603 96
1604 96
1605 96
1606 96
1607 96
1608 96
1609 96
1610 96
1611 96
1612 96
1613 96
1614 96
1615 96
1616 96
1617 96
1618 96
1619 96
1620 96
1621 96
1622 96
1623 96
1624 96
1625 96
1626 96
1627 96
1628 96
1629 96
1630 96
1631 96
1632 96
1633 96
1634 96
1635 96
1636 96
1637 96
1638 96
1639 96
1640 96
1641 96
1642 96
1643 96
1644 96
1645 96
1646 96
1647 96
1648 96
1649 96
1650 96
1651 96
1652 96
1653 96
1654 96
1655 96
1656 96
1657 96
1658 96
1659 96
1660 96
1661 96
1662 96
1663 96
1664 96
1665 96
1666 96
1667 96
1668 96
1669 96
1670 96
1671 96
1672 96
1673 96
1674 96
1675 96
1676 96
1677 96
1678 96
1679 96
1680 96
1681 96
1682 96
1683 96
1684 96
1685 96
1686 96
1687 96
1688 96
1689 96
1690 96
1691 96
1692 96
1693 96
1694 96
1695 96
1696 96
1697 96
1698 96
1699 96
1700 96
1701 96
1702 96
1703 96
1704 96
1705 96
1706 96
1707 96
1708 96
1709 96
1710 96
1711 96
1712 96
1713 96
1714 96
1715 96
1716 96
1717 96
1718 96
1719 96
1720 96
1721 96
1722 96
1723 96
1724 96
1725 96
1726 96
1727 96
1728 96
1729 96
1730 96
1731 96
1732 96
1733 96
1734 96
1735 96
1736 96
1737 96
1738 96
1739 96
1740 96
1741 96
1742 96
1743 96
1744 96
1745 97
1746 97
1747 97
1748 97
1749 97
1750 97
1751 97
1752 97
1753 97
1754 97
1755 97
1756 97
1757 97
1758 97
1759 97
1760 97
1761 97
1762 97
1763 97
1764 97
1765 97
1766 97
1767 97
1768 97
1769 97
1770 97
1771 97
1772 97
1773 97
1774 97
1775 97
1776 97
1777 97
1778 97
1779 97
1780 97
1781 97
1782 97
1783 97
1784 97
1785 97
1786 97
1787 97
1788 97
1789 97
1790 97
1791 97
1792 97
1793 97
1794 97
1795 97
1796 97
1797 97
1798 97
1799 97
1800 97
1801 97
1802 97
1803 97
1804 97
1805 97
1806 97
1807 97
1808 97
1809 97
1810 97
1811 97
1812 97
1813 97
1814 97
1815 97
1816 97
1817 97
1818 97
1819 97
1820 97
1821 97
1822 97
1823 97
1824 97
1825 97
1826 97
1827 97
1828 97
1829 97
1830 97
1831 97
1832 97
1833 97
1834 97
1835 97
1836 97
1837 97
1838 97
1839 97
1840 97
1841 97
1842 97
1843 97
1844 97
1845 97
1846 97
1847 97
1848 97
1849 97
1850 97
1851 97
1852 97
1853 97
1854 97
1855 97
1856 97
1857 97
1858 97
1859 97
1860 97
1861 97
1862 97
1863 97
1864 97
1865 97
1866 97
1867 97
1868 97
1869 97
1870 97
1871 97
1872 97
1873 97
1874 97
1875 97
1876 97
1877 97
1878 97
1879 97
1880 97
1881 97
1882 97
1883 97
1884 97
1885 97
1886 97
1887 97
1888 97
1889 97
1890 97
1891 97
1892 97
1893 97
1894 97
1895 97
1896 97
1897 97
1898 97
1899 97
1900 97
1901 97
1902 97
1903 97
1904 97
1905 97
1906 97
1907 97
1908 97
1909 97
1910 97
1911 97
1912 97
1913 97
1914 97
1915 97
1916 97
1917 97
1918 97
1919 97
1920 97
1921 97
1922 97
1923 97
1924 97
1925 97
1926 97
1927 97
1928 97
1929 97
1930 97
1931 97
1932 97
1933 97
1934 97
1935 97
1936 97
1937 97
1938 97
1939 97
1940 97
1941 97
1942 97
1943 97
1944 97
1945 97
1946 97
1947 97
1948 97
1949 97
1950 97
1951 97
1952 97
1953 97
1954 97
1955 97
1956 97
1957 97
1958 97
1959 97
1960 97
1961 97
1962 97
1963 97
1964 97
1965 97
1966 97
1967 97
1968 97
1969 97
1970 97
1971 98
1972 98
1973 98
1974 98
1975 98
1976 98
1977 98
1978 98
1979 98
1980 98
1981 98
1982 98
1983 98
1984 98
1985 98
1986 98
1987 98
1988 98
1989 98
1990 98
1991 98
1992 98
1993 98
1994 98
1995 98
1996 98
1997 98
1998 98
1999 98
2000 98
2001 98
2002 98
2003 98
2004 98
2005 98
2006 98
2007 98
2008 98
2009 98
2010 98
2011 98
2012 98
2013 98
2014 98
2015 98
2016 98
2017 98
2018 98
2019 98
2020 98
2021 98
2022 98
2023 98
2024 98
2025 98
2026 98
2027 98
2028 98
2029 98
2030 98
2031 98
2032 98
2033 98
2034 98
2035 98
2036 98
2037 98
2038 98
2039 98
2040 98
2041 98
2042 98
2043 98
2044 98
2045 98
2046 98
2047 98
2048 98
2049 98
2050 98
2051 98
2052 98
2053 98
2054 98
2055 98
2056 98
2057 98
2058 98
2059 98
2060 98
2061 98
2062 98
2063 98
2064 98
2065 98
2066 98
2067 98
2068 98
2069 98
2070 98
2071 98
2072 98
2073 98
2074 98
2075 98
2076 98
2077 98
2078 98
2079 98
2080 98
2081 98
2082 98
2083 98
2084 98
2085 98
2086 98
2087 98
2088 98
2089 98
2090 98
2091 98
2092 98
2093 98
2094 98
2095 98
2096 98
2097 98
2098 98
2099 98
2100 98
2101 98
2102 98
2103 98
2104 98
2105 98
2106 98
2107 98
2108 98
2109 98
2110 98
2111 98
2112 98
2113 98
2114 98
2115 98
2116 98
2117 98
2118 98
2119 98
2120 98
2121 98
2122 98
2123 98
2124 98
2125 98
2126 98
2127 98
2128 98
2129 98
2130 98
2131 98
2132 98
2133 98
2134 98
2135 98
2136 98
2137 98
2138 98
2139 98
2140 98
2141 98
2142 98
2143 98
2144 98
2145 98
2146 98
2147 98
2148 98
2149 98
2150 98
2151 98
2152 98
2153 98
2154 98
2155 98
2156 98
2157 98
2158 98
2159 98
2160 98
2161 98
2162 98
2163 98
2164 98
2165 98
2166 98
2167 98
2168 98
2169 98
2170 98
2171 98
2172 98
2173 98
2174 98
2175 98
2176 98
2177 98
2178 98
2179 98
2180 98
2181 98
2182 98
2183 98
2184 98
2185 98
2186 98
2187 98
2188 98
2189 98
2190 98
2191 98
2192 98
2193 98
2194 98
2195 98
2196 98
2197 98
2198 98
2199 98
2200 98
2201 98
2202 98
2203 98
2204 98
2205 98
2206 98
2207 98
2208 98
2209 98
2210 98
2211 98
2212 98
2213 98
2214 98
2215 98
2216 98
2217 98
2218 98
2219 98
2220 98
2221 98
2222 98
2223 98
2224 98
2225 98
2226 98
2227 98
2228 98
2229 98
2230 98
2231 98
2232 98
2233 99
2234 99
2235 99
2236 99
2237 99
2238 99
2239 99
2240 99
2241 99
2242 99
2243 99
2244 99
2245 99
2246 99
2247 99
2248 99
2249 99
2250 99
2251 99
2252 99
2253 99
2254 99
2255 99
2256 99
2257 99
2258 99
2259 99
2260 99
2261 99
2262 99
2263 99
2264 99
2265 99
2266 99
2267 99
2268 99
2269 99
2270 99
2271 99
2272 99
2273 99
2274 99
2275 99
2276 99
2277 99
2278 99
2279 99
2280 99
2281 99
2282 99
2283 99
2284 99
2285 99
2286 99
2287 99
2288 99
2289 99
2290 99
2291 99
2292 99
2293 99
2294 99
2295 99
2296 99
2297 99
2298 99
2299 99
2300 99
2301 99
2302 99
2303 99
2304 99
2305 99
2306 99
2307 99
2308 99
2309 99
2310 99
2311 99
2312 99
2313 99
2314 99
2315 99
2316 99
2317 99
2318 99
2319 99
2320 99
2321 99
2322 99
2323 99
2324 99
2325 99
2326 99
2327 99
2328 99
2329 99
2330 99
2331 99
2332 99
2333 99
2334 99
2335 99
2336 99
2337 99
2338 99
2339 99
2340 99
2341 99
2342 99
2343 99
2344 99
2345 99
2346 99
2347 99
2348 99
2349 99
2350 99
2351 99
2352 99
2353 99
2354 99
2355 99
2356 99
2357 99
2358 99
2359 99
2360 99
2361 99
2362 99
2363 99
2364 99
2365 99
2366 99
2367 99
2368 99
2369 99
2370 99
2371 99
2372 99
2373 99
2374 99
2375 99
2376 99
2377 99
2378 99
2379 99
2380 99
2381 99
2382 99
2383 99
2384 99
2385 99
2386 99
2387 99
2388 99
2389 99
2390 99
2391 99
2392 99
2393 99
2394 99
2395 99
2396 99
2397 99
2398 99
2399 99
2400 99
2401 99
2402 99
2403 99
2404 99
2405 99
2406 99
2407 99
2408 99
2409 99
2410 99
2411 99
2412 99
2413 99
2414 99
2415 99
2416 99
2417 99
2418 99
2419 99
2420 99
2421 99
2422 99
2423 99
2424 99
2425 99
2426 99
2427 99
2428 99
2429 99
2430 99
2431 99
2432 99
2433 99
2434 99
2435 99
2436 99
2437 99
2438 99
2439 99
2440 99
2441 99
2442 99
2443 99
2444 99
2445 99
2446 99
2447 99
2448 99
2449 99
2450 99
2451 99
2452 99
2453 99
2454 99
2455 99
2456 99
2457 99
2458 99
2459 99
2460 99
2461 99
2462 99
2463 99
2464 99
2465 99
2466 99
2467 99
2468 99
2469 99
2470 99
2471 99
2472 99
2473 99
2474 99
2475 99
2476 99
2477 99
2478 99
2479 99
2480 99
2481 99
2482 99
2483 99
2484 99
2485 99
2486 99
2487 99
2488 99
2489 99
2490 99
2491 99
2492 99
2493 99
2494 99
2495 99
2496 99
2497 99
2498 99
2499 99
2500 99
2501 99
2502 99
2503 99
2504 99
2505 99
2506 99
2507 99
2508 99
2509 99
2510 99
2511 99
2512 99
2513 99
2514 99
2515 99
2516 99
2517 99
2518 99
2519 99
2520 99
2521 99
2522 99
2523 99
2524 99
2525 99
2526 99
2527 99
2528 99
2529 99
2530 99
2531 99
2532 99
2533 99
2534 99
2535 99
2536 99
2537 99
2538 99
2539 99
2540 99
2541 99
2542 99
2543 99
2544 99
2545 99
2546 99
2547 99
2548 99
2549 99
2550 99
2551 99
2552 99
2553 99
2554 99
2555 99
2556 99
2557 99
2558 99
2559 99
2560 99
2561 99
2562 99
2563 99
2564 99
2565 99
2566 99
2567 99
2568 99
2569 99
2570 99
2571 99
2572 99
2573 99
2574 99
2575 99
2576 99
2577 99
2578 99
2579 99
2580 99
2581 99
2582 99
2583 99
2584 99
2585 99
2586 99
2587 99
2588 99
2589 99
2590 99
2591 99
2592 99
2593 99
2594 99
2595 99
2596 99
2597 99
2598 99
2599 99
2600 99
2601 99
2602 99
2603 99
2604 99
2605 99
2606 99
2607 99
2608 99
2609 99
2610 99
2611 99
2612 99
2613 99
2614 99
2615 99
2616 99
2617 99
2618 99
2619 99
2620 99
2621 99
2622 99
2623 99
2624 99
2625 99
2626 99
2627 99
2628 99
2629 99
2630 99
2631 99
2632 99
2633 99
2634 99
2635 99
2636 99
2637 99
2638 99
2639 99
2640 99
2641 99
2642 99
2643 99
2644 99
2645 99
2646 99
2647 99
2648 99
2649 99
2650 99
2651 99
2652 99
2653 99
2654 99
2655 99
2656 99
2657 99
2658 99
2659 99
2660 99
2661 99
2662 99
2663 99
2664 99
2665 99
2666 99
2667 99
2668 99
2669 99
2670 99
2671 99
2672 99
2673 99
2674 99
2675 99
2676 99
2677 99
2678 99
2679 99
2680 99
2681 99
2682 99
2683 99
2684 99
2685 99
2686 99
2687 99
2688 99
2689 99
2690 99
2691 99
2692 99
2693 99
2694 99
2695 99
2696 99
2697 99
2698 99
2699 99
2700 99
2701 99
2702 99
2703 99
2704 99
2705 99
2706 99
2707 99
2708 99
2709 99
2710 99
2711 99
2712 99
2713 99
2714 99
2715 99
2716 99
2717 99
2718 99
2719 99
2720 99
2721 99
2722 99
2723 99
2724 99
2725 99
2726 99
2727 99
2728 99
2729 99
2730 99
2731 99
2732 99
2733 99
2734 99
2735 99
2736 99
2737 99
2738 99
2739 99
2740 99
2741 99
2742 99
2743 99
2744 99
2745 99
2746 99
2747 99
2748 99
2749 99
2750 99
2751 99
2752 99
2753 99
2754 99
2755 99
2756 99
2757 99
2758 99
2759 99
2760 99
2761 99
2762 99
2763 99
2764 99
2765 99
2766 99
2767 99
2768 99
2769 99
2770 99
2771 99
2772 99
2773 99
2774 99
2775 99
2776 99
2777 99
2778 99
2779 99
2780 99
2781 99
2782 99
2783 99
2784 99
2785 99
2786 99
2787 99
2788 99
2789 99
2790 99
2791 99
2792 99
2793 99
2794 99
2795 99
2796 99
2797 99
2798 99
2799 99
2800 99
2801 99
2802 99
2803 99
2804 99
2805 99
2806 99
2807 99
2808 99
2809 99
2810 99
2811 99
2812 99
2813 99
2814 99
2815 99
2816 99
2817 99
2818 99
2819 99
2820 99
2821 99
2822 99
2823 99
2824 99
2825 99
2826 99
2827 99
2828 99
2829 99
2830 99
2831 99
2832 99
2833 99
2834 99
2835 99
2836 99
2837 99
2838 99
2839 99
2840 99
2841 99
2842 99
2843 99
2844 99
2845 99
2846 99
2847 99
2848 99
2849 99
2850 99
2851 99
2852 99
2853 99
2854 99
2855 99
2856 99
2857 99
2858 99
2859 99
2860 99
2861 99
2862 99
2863 99
2864 99
2865 99
2866 99
2867 99
2868 99
2869 99
2870 99
2871 99
2872 99
2873 99
2874 99
2875 99
2876 99
2877 99
2878 99
2879 99
2880 99
2881 99
2882 99
2883 99
2884 99
2885 99
2886 99
2887 99
2888 99
2889 99
2890 99
2891 99
2892 99
2893 99
2894 99
2895 99
2896 99
2897 99
2898 99
2899 99
2900 99
2901 99
2902 99
2903 99
2904 99
2905 99
2906 99
2907 99
2908 99
2909 99
2910 99
2911 99
2912 99
2913 99
2914 99
2915 99
2916 99
2917 99
2918 99
2919 99
2920 99
2921 99
2922 99
2923 99
2924 99
2925 99
2926 99
2927 99
2928 99
2929 99
2930 99
2931 99
2932 99
2933 99
2934 99
2935 99
2936 99
2937 99
2938 99
2939 99
2940 99
2941 99
2942 99
2943 99
2944 99
2945 99
2946 99
2947 99
2948 99
2949 99
2950 99
2951 99
2952 99
2953 99
2954 99
2955 99
2956 99
2957 99
2958 99
2959 99
2960 99
2961 99
2962 99
2963 99
2964 99
2965 99
2966 99
2967 99
2968 99
2969 99
2970 99
2971 99
2972 99
2973 99
2974 99
2975 99
2976 99
2977 99
2978 99
2979 99
2980 99
2981 99
2982 99
2983 99
2984 99
2985 99
2986 99
2987 99
2988 99
2989 99
2990 99
2991 99
2992 99
2993 99
2994 99
2995 99
2996 99
2997 99
2998 99
2999 99
3000 99
3001 99
3002 99
3003 99
3004 99
3005 99
3006 99
3007 99
3008 99
3009 99
3010 99
3011 99
3012 99
3013 99
3014 99
3015 99
3016 99
3017 99
3018 99
3019 99
3020 99
3021 99
3022 99
3023 99
3024 99
3025 99
3026 99
3027 99
3028 99
3029 99
3030 99
3031 99
3032 99
3033 99
3034 99
3035 99
3036 99
3037 99
3038 99
3039 99
3040 99
3041 99
3042 99
3043 99
3044 99
3045 99
3046 99
3047 99
3048 99
3049 99
3050 99
3051 99
3052 99
3053 99
3054 99
3055 99
3056 99
3057 99
3058 99
3059 99
3060 99
3061 99
3062 99
3063 99
3064 99
3065 99
3066 99
3067 99
3068 99
3069 99
3070 99
3071 99
3072 99
3073 99
3074 99
3075 99
3076 99
3077 99
3078 99
3079 99
3080 99
3081 99
3082 99
3083 99
3084 99
3085 99
3086 99
3087 99
3088 99
3089 99
3090 99
3091 99
3092 99
3093 99
3094 99
3095 99
3096 99
3097 99
3098 99
3099 99
3100 99
3101 99
3102 99
3103 99
3104 99
3105 99
3106 99
3107 99
3108 99
3109 99
3110 99
3111 99
3112 99
3113 99
3114 99
3115 99
3116 99
3117 99
3118 99
3119 99
3120 99
3121 99
3122 99
3123 99
3124 99
3125 99
3126 99
3127 99
3128 99
3129 99
3130 99
3131 99
3132 99
3133 99
3134 99
3135 99
3136 99
3137 99
3138 99
3139 99
3140 99
3141 99
3142 99
3143 99
3144 99
3145 99
3146 99
3147 99
3148 99
3149 99
3150 99
3151 99
3152 99
3153 99
3154 99
3155 99
3156 99
3157 99
3158 99
3159 99
3160 99
3161 99
3162 99
3163 99
3164 99
3165 99
3166 99
3167 99
3168 99
3169 99
3170 99
3171 99
3172 99
3173 99
3174 99
3175 99
3176 99
3177 99
3178 99
3179 99
3180 99
3181 99
3182 99
3183 99
3184 99
3185 99
3186 99
3187 99
3188 99
3189 99
3190 99
3191 99
3192 99
3193 99
3194 99
3195 99
3196 99
3197 99
3198 99
3199 99
3200 99
3201 99
3202 99
3203 99
3204 99
3205 99
3206 99
3207 99
3208 99
3209 99
3210 99
3211 99
3212 99
3213 99
3214 99
3215 99
3216 99
3217 99
3218 99
3219 99
3220 99
3221 99
3222 99
3223 99
3224 99
3225 99
3226 99
3227 99
3228 99
3229 99
3230 99
3231 99
3232 99
3233 99
3234 99
3235 99
3236 99
3237 99
3238 99
3239 99
3240 99
3241 99
3242 99
3243 99
3244 99
3245 99
3246 99
3247 99
3248 99
3249 99
3250 99
3251 99
3252 99
3253 99
3254 99
3255 99
3256 99
3257 99
3258 99
3259 99
3260 99
3261 99
3262 99
3263 99
3264 99
3265 99
3266 99
3267 99
3268 99
3269 99
3270 99
3271 99
3272 99
3273 99
3274 99
3275 99
3276 99
3277 99
3278 99
3279 99
3280 99
3281 99
3282 99
3283 99
3284 99
3285 99
3286 99
3287 99
3288 99
3289 99
3290 99
3291 99
3292 99
3293 99
3294 99
3295 99
3296 99
3297 99
3298 99
3299 99
3300 99
3301 99
3302 99
3303 99
3304 99
3305 99
3306 99
3307 99
3308 99
3309 99
3310 99
3311 99
3312 99
3313 99
3314 99
3315 99
3316 99
3317 99
3318 99
3319 99
3320 99
3321 99
3322 99
3323 99
3324 99
3325 99
3326 99
3327 99
3328 99
3329 99
3330 99
3331 99
3332 99
3333 99
3334 99
3335 99
3336 99
3337 99
3338 99
3339 99
3340 99
3341 99
3342 99
3343 99
3344 99
3345 99
3346 99
3347 99
3348 99
3349 99
3350 99
3351 99
3352 99
3353 99
3354 99
3355 99
3356 99
3357 99
3358 99
3359 99
3360 99
3361 99
3362 99
3363 99
3364 99
3365 99
3366 99
3367 99
3368 99
3369 99
3370 99
3371 99
3372 99
3373 99
3374 99
3375 99
3376 99
3377 99
3378 99
3379 99
3380 99
3381 99
3382 99
3383 99
3384 99
3385 99
3386 99
3387 99
3388 99
3389 99
3390 99
3391 99
3392 99
3393 99
3394 99
3395 99
3396 99
3397 99
3398 99
3399 99
3400 99
3401 99
3402 99
3403 99
3404 99
3405 99
3406 99
3407 99
3408 99
3409 99
3410 99
3411 99
3412 99
3413 99
3414 99
3415 99
3416 99
3417 99
3418 99
3419 99
3420 99
3421 99
3422 99
3423 99
3424 99
3425 99
3426 99
3427 99
3428 99
3429 99
3430 99
3431 99
3432 99
3433 99
3434 99
3435 99
3436 99
3437 99
3438 99
3439 99
3440 99
3441 99
3442 99
3443 99
3444 99
3445 99
3446 99
3447 99
3448 99
3449 99
3450 99
3451 99
3452 99
3453 99
3454 99
3455 99
3456 99
3457 99
3458 99
3459 99
3460 99
3461 99
3462 99
3463 99
3464 99
3465 99
3466 99
3467 99
3468 99
3469 99
3470 99
3471 99
3472 99
3473 99
3474 99
3475 99
3476 99
3477 99
3478 99
3479 99
3480 99
3481 99
3482 99
3483 99
3484 99
3485 99
3486 99
3487 99
3488 99
3489 99
3490 99
3491 99
3492 99
3493 99
3494 99
3495 99
3496 99
3497 99
3498 99
3499 99
3500 99
3501 99
3502 99
3503 99
3504 99
3505 99
3506 99
3507 99
3508 99
3509 99
3510 99
3511 99
3512 99
3513 99
3514 99
3515 99
3516 99
3517 99
3518 99
3519 99
3520 99
3521 99
3522 99
3523 99
3524 99
3525 99
3526 99
3527 99
3528 99
3529 99
3530 99
3531 99
3532 99
3533 99
3534 99
3535 99
3536 99
3537 99
3538 99
3539 99
3540 99
3541 99
3542 99
3543 99
3544 99
3545 99
3546 99
3547 99
3548 99
3549 99
3550 99
3551 99
3552 99
3553 99
3554 99
3555 99
3556 99
3557 99
3558 99
3559 99
3560 99
3561 99
3562 99
3563 99
3564 99
3565 99
3566 99
3567 99
3568 99
3569 99
3570 99
3571 99
3572 99
3573 99
3574 99
3575 99
3576 99
3577 99
3578 99
3579 99
3580 99
3581 99
3582 99
3583 99
3584 99
3585 99
3586 99
3587 99
3588 99
3589 99
3590 99
3591 99
3592 99
3593 99
3594 99
3595 99
3596 99
3597 99
3598 99
3599 99
3600 99
3601 99
3602 99
3603 99
3604 99
3605 99
3606 99
3607 99
3608 99
3609 99
3610 99
3611 99
3612 99
3613 99
3614 99
3615 99
3616 99
3617 99
3618 99
3619 99
3620 99
3621 99
3622 99
3623 99
3624 99
3625 99
3626 99
3627 99
3628 99
3629 99
3630 99
3631 99
3632 99
3633 99
3634 99
3635 99
3636 99
3637 99
3638 99
3639 99
3640 99
3641 99
3642 99
3643 99
3644 99
3645 99
3646 99
3647 99
3648 99
3649 99
3650 99
3651 99
3652 99
3653 99
3654 99
3655 99
3656 99
3657 99
3658 99
3659 99
3660 99
3661 99
3662 99
3663 99
3664 99
3665 99
3666 99
3667 99
3668 99
3669 99
3670 99
3671 99
3672 99
3673 99
3674 99
3675 99
3676 99
3677 99
3678 99
3679 99
3680 99
3681 99
3682 99
3683 99
3684 99
3685 99
3686 99
3687 99
3688 99
3689 99
3690 99
3691 99
3692 99
3693 99
3694 99
3695 99
3696 99
3697 99
3698 99
3699 99
3700 99
3701 99
3702 99
3703 99
3704 99
3705 99
3706 99
3707 99
3708 99
3709 99
3710 99
3711 99
3712 99
3713 99
3714 99
3715 99
3716 99
3717 99
3718 99
3719 99
3720 99
3721 99
3722 99
3723 99
3724 99
3725 99
3726 99
3727 99
3728 99
3729 99
3730 99
3731 99
3732 99
3733 99
3734 99
3735 99
3736 99
3737 99
3738 99
3739 99
3740 99
3741 99
3742 99
3743 99
3744 99
3745 99
3746 99
3747 99
3748 99
3749 99
3750 99
3751 99
3752 99
3753 99
3754 99
3755 99
3756 99
3757 99
3758 99
3759 99
3760 99
3761 99
3762 99
3763 99
3764 99
3765 99
3766 99
3767 99
3768 99
3769 99
3770 99
3771 99
3772 99
3773 99
3774 99
3775 99
3776 99
3777 99
3778 99
3779 99
3780 99
3781 99
3782 99
3783 99
3784 99
3785 99
3786 99
3787 99
3788 99
3789 99
3790 99
3791 99
3792 99
3793 99
3794 99
3795 99
3796 99
3797 99
3798 99
3799 99
3800 99
3801 99
3802 99
3803 99
3804 99
3805 99
3806 99
3807 99
3808 99
3809 99
3810 99
3811 99
3812 99
3813 99
3814 99
3815 99
3816 99
3817 99
3818 99
3819 99
3820 99
3821 99
3822 99
3823 99
3824 99
3825 99
3826 99
3827 99
3828 99
3829 99
3830 99
3831 99
3832 99
3833 99
3834 99
3835 99
3836 99
3837 99
3838 99
3839 99
3840 99
3841 99
3842 99
3843 99
3844 99
3845 99
3846 99
3847 99
3848 99
3849 99
3850 99
3851 99
3852 99
3853 99
3854 99
3855 99
3856 99
3857 99
3858 99
3859 99
3860 99
3861 99
3862 99
3863 99
3864 99
3865 99
3866 99
3867 99
3868 99
3869 99
3870 99
3871 99
3872 99
3873 99
3874 99
3875 99
3876 99
3877 99
3878 99
3879 99
3880 99
3881 99
3882 99
3883 99
3884 99
3885 99
3886 99
3887 99
3888 99
3889 99
3890 99
3891 99
3892 99
3893 99
3894 99
3895 99
3896 99
3897 99
3898 99
3899 99
3900 99
3901 99
3902 99
3903 99
3904 99
3905 99
3906 99
3907 99
3908 99
3909 99
3910 99
3911 99
3912 99
3913 99
3914 99
3915 99
3916 99
3917 99
3918 99
3919 99
3920 99
3921 99
3922 99
3923 99
3924 99
3925 99
3926 99
3927 99
3928 99
3929 99
3930 99
3931 99
3932 99
3933 99
3934 99
3935 99
3936 99
3937 99
3938 99
3939 99
3940 99
3941 99
3942 99
3943 99
3944 99
3945 99
3946 99
3947 99
3948 99
3949 99
3950 99
3951 99
3952 99
3953 99
3954 99
3955 99
3956 99
3957 99
3958 99
3959 99
3960 99
3961 99
3962 99
3963 99
3964 99
3965 99
3966 99
3967 99
3968 99
3969 99
3970 99
3971 99
3972 99
3973 99
3974 99
3975 99
3976 99
3977 99
3978 99
3979 99
3980 99
3981 99
3982 99
3983 99
3984 99
3985 99
3986 99
3987 99
3988 99
3989 99
3990 99
3991 99
3992 99
3993 99
3994 99
3995 99
3996 99
3997 99
3998 99
3999 99
4000 99
4001 99
4002 99
4003 99
4004 99
4005 99
4006 99
4007 99
4008 99
4009 99
4010 99
4011 99
4012 99
4013 99
4014 99
4015 99
4016 99
4017 99
4018 99
4019 99
4020 99
4021 99
4022 99
4023 99
4024 99
4025 99
4026 99
4027 99
4028 99
4029 99
4030 99
4031 99
4032 99
4033 99
4034 99
4035 99
4036 99
4037 99
4038 99
4039 99
4040 99
4041 99
4042 99
4043 99
4044 99
4045 99
4046 99
4047 99
4048 99
4049 99
4050 99
4051 99
4052 99
4053 99
4054 99
4055 99
4056 99
4057 99
4058 99
4059 99
4060 99
4061 99
4062 99
4063 99
4064 99
4065 99
4066 99
4067 99
4068 99
4069 99
4070 99
4071 99
4072 99
4073 99
4074 99
4075 99
4076 99
4077 99
4078 99
4079 99
4080 99
4081 99
4082 99
4083 99
4084 99
4085 99
4086 99
4087 99
4088 99
4089 99
4090 99
4091 99
4092 99
4093 99
4094 99
4095 99
4096 99
4097 99
4098 99
4099 99
4100 99
4101 99
4102 99
4103 99
4104 99
4105 99
4106 99
4107 99
4108 99
4109 99
4110 99
4111 99
4112 99
4113 99
4114 99
4115 99
4116 99
4117 99
4118 99
4119 99
4120 99
4121 99
4122 99
4123 99
4124 99
4125 99
4126 99
4127 99
4128 99
4129 99
4130 99
4131 99
4132 99
4133 99
4134 99
4135 99
4136 99
4137 99
4138 99
4139 99
4140 99
4141 99
4142 99
4143 99
4144 99
4145 99
4146 99
4147 99
4148 99
4149 99
4150 99
4151 99
4152 99
4153 99
4154 99
4155 99
4156 99
4157 99
4158 99
4159 99
4160 99
4161 99
4162 99
4163 99
4164 99
4165 99
4166 99
4167 99
4168 99
4169 99
4170 99
4171 99
4172 99
4173 99
4174 99
4175 99
4176 99
4177 99
4178 99
4179 99
4180 99
4181 99
4182 99
4183 99
4184 99
4185 99
4186 99
4187 99
4188 99
4189 99
4190 99
4191 99
4192 99
4193 99
4194 99
4195 99
4196 99
4197 99
4198 99
4199 99
4200 99
4201 99
4202 99
4203 99
4204 99
4205 99
4206 99
4207 99
4208 99
4209 99
4210 99
4211 99
4212 99
4213 99
4214 99
4215 99
4216 99
4217 99
4218 99
4219 99
4220 99
4221 99
4222 99
4223 99
4224 99
4225 99
4226 99
4227 99
4228 99
4229 99
4230 99
4231 99
4232 99
4233 99
4234 99
4235 99
4236 99
4237 99
4238 99
4239 99
4240 99
4241 99
4242 99
4243 99
4244 99
4245 99
4246 99
4247 99
4248 99
4249 99
4250 99
4251 99
4252 99
4253 99
4254 99
4255 99
4256 99
4257 99
4258 99
4259 99
4260 99
4261 99
4262 99
4263 99
4264 99
4265 99
4266 99
4267 99
4268 99
4269 99
4270 99
4271 99
4272 99
4273 99
4274 99
4275 99
4276 99
4277 99
4278 99
4279 99
4280 99
4281 99
4282 99
4283 99
4284 99
4285 99
4286 99
4287 99
4288 99
4289 99
4290 99
4291 99
4292 99
4293 99
4294 99
4295 99
4296 99
4297 99
4298 99
4299 99
4300 99
4301 99
4302 99
4303 99
4304 99
4305 99
4306 99
4307 99
4308 99
4309 99
4310 99
4311 99
4312 99
4313 99
4314 99
4315 99
4316 99
4317 99
4318 99
4319 99
4320 99
4321 99
4322 99
4323 99
4324 99
4325 99
4326 99
4327 99
4328 99
4329 99
4330 99
4331 99
4332 99
4333 99
4334 99
4335 99
4336 99
4337 99
4338 99
4339 99
4340 99
4341 99
4342 99
4343 99
4344 99
4345 99
4346 99
4347 99
4348 99
4349 99
4350 99
4351 99
4352 99
4353 99
4354 99
4355 99
4356 99
4357 99
4358 99
4359 99
4360 99
4361 99
4362 99
4363 99
4364 99
4365 99
4366 99
4367 99
4368 99
4369 99
4370 99
4371 99
4372 99
4373 99
4374 99
4375 99
4376 99
4377 99
4378 99
4379 99
4380 99
4381 99
4382 99
4383 99
4384 99
4385 99
4386 99
4387 99
4388 99
4389 99
4390 99
4391 99
4392 99
4393 99
4394 99
4395 99
4396 99
4397 99
4398 99
4399 99
4400 99
4401 99
4402 99
4403 99
4404 99
4405 99
4406 99
4407 99
4408 99
4409 99
4410 99
4411 99
4412 99
4413 99
4414 99
4415 99
4416 99
4417 99
4418 99
4419 99
4420 99
4421 99
4422 99
4423 99
4424 99
4425 99
4426 99
4427 99
4428 99
4429 99
4430 99
4431 99
4432 99
4433 99
4434 99
4435 99
4436 99
4437 99
4438 99
4439 99
4440 99
4441 99
4442 99
4443 99
4444 99
4445 99
4446 99
4447 99
4448 99
4449 99
4450 99
4451 99
4452 99
4453 99
4454 99
4455 99
4456 99
4457 99
4458 99
4459 99
4460 99
4461 99
4462 99
4463 99
4464 99
4465 99
4466 99
4467 99
4468 99
4469 99
4470 99
4471 99
4472 99
4473 99
4474 99
4475 99
4476 99
4477 99
4478 99
4479 99
4480 99
4481 99
4482 99
4483 99
4484 99
4485 99
4486 99
4487 99
4488 99
4489 99
4490 99
4491 99
4492 99
4493 99
4494 99
4495 99
4496 99
4497 99
4498 99
4499 99
4500 99
4501 99
4502 99
4503 99
4504 99
4505 99
4506 99
4507 99
4508 99
4509 99
4510 99
4511 99
4512 99
4513 99
4514 99
4515 99
4516 99
4517 99
4518 99
4519 99
4520 99
4521 99
4522 99
4523 99
4524 99
4525 99
4526 99
4527 99
4528 99
4529 99
4530 99
4531 99
4532 99
4533 99
4534 99
4535 99
4536 99
4537 99
4538 99
4539 99
4540 99
4541 99
4542 99
4543 99
4544 99
4545 99
4546 99
4547 99
4548 99
4549 99
4550 99
4551 99
4552 99
4553 99
4554 99
4555 99
4556 99
4557 99
4558 99
4559 99
4560 99
4561 99
4562 99
4563 99
4564 99
4565 99
4566 99
4567 99
4568 99
4569 99
4570 99
4571 99
4572 99
4573 99
4574 99
4575 99
4576 99
4577 99
4578 99
4579 99
4580 99
4581 99
4582 99
4583 99
4584 99
4585 99
4586 99
4587 99
4588 99
4589 99
4590 99
4591 99
4592 99
4593 99
4594 99
4595 99
4596 99
4597 99
4598 99
4599 99
4600 99
4601 99
4602 99
4603 99
4604 99
4605 99
4606 99
4607 99
4608 99
4609 99
4610 99
4611 99
4612 99
4613 99
4614 99
4615 99
4616 99
4617 99
4618 99
4619 99
4620 99
4621 99
4622 99
4623 99
4624 99
4625 99
4626 99
4627 99
4628 99
4629 99
4630 99
4631 99
4632 99
4633 99
4634 99
4635 99
4636 99
4637 99
4638 99
4639 99
4640 99
4641 99
4642 99
4643 99
4644 99
4645 99
4646 99
4647 99
4648 99
4649 99
4650 99
4651 99
4652 99
4653 99
4654 99
4655 99
4656 99
4657 99
4658 99
4659 99
4660 99
4661 99
4662 99
4663 99
4664 99
4665 99
4666 99
4667 99
4668 99
4669 99
4670 99
4671 99
4672 99
4673 99
4674 99
4675 99
4676 99
4677 99
4678 99
4679 99
4680 99
4681 99
4682 99
4683 99
4684 99
4685 99
4686 99
4687 99
4688 99
4689 99
4690 99
4691 99
4692 99
4693 99
4694 99
4695 99
4696 99
4697 99
4698 99
4699 99
4700 99
4701 99
4702 99
4703 99
4704 99
4705 99
4706 99
4707 99
4708 99
4709 99
4710 99
4711 99
4712 99
4713 99
4714 99
4715 99
4716 99
4717 99
4718 99
4719 99
4720 99
4721 99
4722 99
4723 99
4724 99
4725 99
4726 99
4727 99
4728 99
4729 99
4730 99
4731 99
4732 99
4733 99
4734 99
4735 99
4736 99
4737 99
4738 99
4739 99
4740 99
4741 99
4742 99
4743 99
4744 99
4745 99
4746 99
4747 99
4748 99
4749 99
4750 99
4751 99
4752 99
4753 99
4754 99
4755 99
4756 99
4757 99
4758 99
4759 99
4760 99
4761 99
4762 99
4763 99
4764 99
4765 99
4766 99
4767 99
4768 99
4769 99
4770 99
4771 99
4772 99
4773 99
4774 99
4775 99
4776 99
4777 99
4778 99
4779 99
4780 99
4781 99
4782 99
4783 99
4784 99
4785 99
4786 99
4787 99
4788 99
4789 99
4790 99
4791 99
4792 99
4793 99
4794 99
4795 99
4796 99
4797 99
4798 99
4799 99
4800 99
4801 99
4802 99
4803 99
4804 99
4805 99
4806 99
4807 99
4808 99
4809 99
4810 99
4811 99
4812 99
4813 99
4814 99
4815 99
4816 99
4817 99
4818 99
4819 99
4820 99
4821 99
4822 99
4823 99
4824 99
4825 99
4826 99
4827 99
4828 99
4829 99
4830 99
4831 99
4832 99
4833 99
4834 99
4835 99
4836 99
4837 99
4838 99
4839 99
4840 99
4841 99
4842 99
4843 99
4844 99
4845 99
4846 99
4847 99
4848 99
4849 99
4850 99
4851 99
4852 99
4853 99
4854 99
4855 99
4856 99
4857 99
4858 99
4859 99
4860 99
4861 99
4862 99
4863 99
4864 99
4865 99
4866 99
4867 99
4868 99
4869 99
4870 99
4871 99
4872 99
4873 99
4874 99
4875 99
4876 99
4877 99
4878 99
4879 99
4880 99
4881 99
4882 99
4883 99
4884 99
4885 99
4886 99
4887 99
4888 99
4889 99
4890 99
4891 99
4892 99
4893 99
4894 99
4895 99
4896 99
4897 99
4898 99
4899 99
4900 99
4901 99
4902 99
4903 99
4904 99
4905 99
4906 99
4907 99
4908 99
4909 99
4910 99
4911 99
4912 99
4913 99
4914 99
4915 99
4916 99
4917 99
4918 99
4919 99
4920 99
4921 99
4922 99
4923 99
4924 99
4925 99
4926 99
4927 99
4928 99
4929 99
4930 99
4931 99
4932 99
4933 99
4934 99
4935 99
4936 99
4937 99
4938 99
4939 99
4940 99
4941 99
4942 99
4943 99
4944 99
4945 99
4946 99
4947 99
4948 99
4949 99
4950 99
4951 99
4952 99
4953 99
4954 99
4955 99
4956 99
4957 99
4958 99
4959 99
4960 99
4961 99
4962 99
4963 99
4964 99
4965 99
4966 99
4967 99
4968 99
4969 99
4970 99
4971 99
4972 99
4973 99
4974 99
4975 99
4976 99
4977 99
4978 99
4979 99
4980 99
4981 99
4982 99
4983 99
4984 99
4985 99
4986 99
4987 99
4988 99
4989 99
4990 99
4991 99
4992 99
4993 99
4994 99
4995 99
4996 99
4997 99
4998 99
4999 99
5000 99
5001 99
5002 99
5003 99
5004 99
5005 99
5006 99
5007 99
5008 99
5009 99
5010 99
5011 99
5012 99
5013 99
5014 99
5015 99
5016 99
5017 99
5018 99
5019 99
5020 99
5021 99
5022 99
5023 99
5024 99
5025 99
5026 99
5027 99
5028 99
5029 99
5030 99
5031 99
5032 99
5033 99
5034 99
5035 99
5036 99
5037 99
5038 99
5039 99
5040 99
5041 99
5042 99
5043 99
5044 99
5045 99
5046 99
5047 99
5048 99
5049 99
5050 99
5051 99
5052 99
5053 99
5054 99
5055 99
5056 99
5057 99
5058 99
5059 99
5060 99
5061 99
5062 99
5063 99
5064 99
5065 99
5066 99
5067 99
5068 99
5069 99
5070 99
5071 99
5072 99
5073 99
5074 99
5075 99
5076 99
5077 99
5078 99
5079 99
5080 99
5081 99
5082 99
5083 99
5084 99
5085 99
5086 99
5087 99
5088 99
5089 99
5090 99
5091 99
5092 99
5093 99
5094 99
5095 99
5096 99
5097 99
5098 99
5099 99
5100 99
5101 99
5102 99
5103 99
5104 99
5105 99
5106 99
5107 99
5108 99
5109 99
5110 99
5111 99
5112 99
5113 99
5114 99
5115 99
5116 99
5117 99
5118 99
5119 99
5120 99
5121 99
5122 99
5123 99
5124 99
5125 99
5126 99
5127 99
5128 99
5129 99
5130 99
5131 99
5132 99
5133 99
5134 99
5135 99
5136 99
5137 99
5138 99
5139 99
5140 99
5141 99
5142 99
5143 99
5144 99
5145 99
5146 99
5147 99
5148 99
5149 99
5150 99
5151 99
5152 99
5153 99
5154 99
5155 99
5156 99
5157 99
5158 99
5159 99
5160 99
5161 99
5162 99
5163 99
5164 99
5165 99
5166 99
5167 99
5168 99
5169 99
5170 99
5171 99
5172 99
5173 99
5174 99
5175 99
5176 99
5177 99
5178 99
5179 99
5180 99
5181 99
5182 99
5183 99
5184 99
5185 99
5186 99
5187 99
5188 99
5189 99
5190 99
5191 99
5192 99
5193 99
5194 99
5195 99
5196 99
5197 99
5198 99
5199 99
5200 99
5201 99
5202 99
5203 99
5204 99
5205 99
5206 99
5207 99
5208 99
5209 99
5210 99
5211 99
5212 99
5213 99
5214 99
5215 99
5216 99
5217 99
5218 99
5219 99
5220 99
5221 99
5222 99
5223 99
5224 99
5225 99
5226 99
5227 99
5228 99
5229 99
5230 99
5231 99
5232 99
5233 99
5234 99
5235 99
5236 99
5237 99
5238 99
5239 99
5240 99
5241 99
5242 99
5243 99
5244 99
5245 99
5246 99
5247 99
5248 99
5249 99
5250 99
5251 99
5252 99
5253 99
5254 99
5255 99
5256 99
5257 99
5258 99
5259 99
5260 99
5261 99
5262 99
5263 99
5264 99
5265 99
5266 99
5267 99
5268 99
5269 99
5270 99
5271 99
5272 99
5273 99
5274 99
5275 99
5276 99
5277 99
5278 99
5279 99
5280 99
5281 99
5282 99
5283 99
5284 99
5285 99
5286 99
5287 99
5288 99
5289 99
5290 99
5291 99
5292 99
5293 99
5294 99
5295 99
5296 99
5297 99
5298 99
5299 99
5300 99
5301 99
5302 99
5303 99
5304 99
5305 99
5306 99
5307 99
5308 99
5309 99
5310 99
5311 99
5312 99
5313 99
5314 99
5315 99
5316 99
5317 99
5318 99
5319 99
5320 99
5321 99
5322 99
5323 99
5324 99
5325 99
5326 99
5327 99
5328 99
5329 99
5330 99
5331 99
5332 99
5333 99
5334 99
5335 99
5336 99
5337 99
5338 99
5339 99
5340 99
5341 99
5342 99
5343 99
5344 99
5345 99
5346 99
5347 99
5348 99
5349 99
5350 99
5351 99
5352 99
5353 99
5354 99
5355 99
5356 99
5357 99
5358 99
5359 99
5360 99
5361 99
5362 99
5363 99
5364 99
5365 99
5366 99
5367 99
5368 99
5369 99
5370 99
5371 99
5372 99
5373 99
5374 99
5375 99
5376 99
5377 99
5378 99
5379 99
5380 99
5381 99
5382 99
5383 99
5384 99
5385 99
5386 99
5387 99
5388 99
5389 99
5390 99
5391 99
5392 99
5393 99
5394 99
5395 99
5396 99
5397 99
5398 99
5399 99
5400 99
5401 99
5402 99
5403 99
5404 99
5405 99
5406 99
5407 99
5408 99
5409 99
5410 99
5411 99
5412 99
5413 99
5414 99
5415 99
5416 99
5417 99
5418 99
5419 99
5420 99
5421 99
5422 99
5423 99
5424 99
5425 99
5426 99
5427 99
5428 99
5429 99
5430 99
5431 99
5432 99
5433 99
5434 99
5435 99
5436 99
5437 99
5438 99
5439 99
5440 99
5441 99
5442 99
5443 99
5444 99
5445 99
5446 99
5447 99
5448 99
5449 99
5450 99
5451 99
5452 99
5453 99
5454 99
5455 99
5456 99
5457 99
5458 99
5459 99
5460 99
5461 99
5462 99
5463 99
5464 99
5465 99
5466 99
5467 99
5468 99
5469 99
5470 99
5471 99
5472 99
5473 99
5474 99
5475 99
5476 99
5477 99
5478 99
5479 99
5480 99
5481 99
5482 99
5483 99
5484 99
5485 99
5486 99
5487 99
5488 99
5489 99
5490 99
5491 99
5492 99
5493 99
5494 99
5495 99
5496 99
5497 99
5498 99
5499 99
5500 99
5501 99
5502 99
5503 99
5504 99
5505 99
5506 99
5507 99
5508 99
5509 99
5510 99
5511 99
5512 99
5513 99
5514 99
5515 99
5516 99
5517 99
5518 99
5519 99
5520 99
5521 99
5522 99
5523 99
5524 99
5525 99
5526 99
5527 99
5528 99
5529 99
5530 99
5531 99
5532 99
5533 99
5534 99
5535 99
5536 99
5537 99
5538 99
5539 99
5540 99
5541 99
5542 99
5543 99
0 15
0 38
1 38
2 39
3 40
4 40
5 40
6 40
7 40
8 42
9 42
10 42
11 44
12 44
13 44
14 46
15 47
16 49
17 49
18 49
19 49
20 51
21 51
22 51
23 51
24 52
25 52
26 52
27 52
28 52
29 54
30 54
31 54
32 54
33 54
34 54
35 54
36 55
37 55
38 55
39 55
40 55
41 55
42 55
43 56
44 57
45 57
46 58
47 58
48 58
49 58
50 58
51 58
52 58
53 58
54 58
55 59
56 59
57 60
58 60
59 60
60 60
61 60
62 60
63 60
64 60
65 62
66 62
67 62
68 62
69 63
70 63
71 64
72 64
73 65
74 65
75 65
76 65
77 65
78 65
79 65
80 65
81 65
82 65
83 65
84 67
85 67
86 67
87 67
88 67
89 67
90 67
91 67
92 67
93 67
94 67
95 67
96 67
97 68
98 68
99 68
100 68
101 68
102 68
103 68
104 69
105 69
106 69
107 69
108 70
109 70
110 70
111 70
112 70
113 70
114 70
115 70
116 70
117 70
118 70
119 70
120 70
121 71
122 71
123 71
124 72
125 72
126 72
127 72
128 72
129 72
130 72
131 72
132 72
133 72
134 72
135 72
136 72
137 72
138 72
139 72
140 73
141 74
142 74
143 74
144 74
145 74
146 74
147 74
148 74
149 74
150 75
151 75
152 75
153 75
154 75
155 75
156 75
157 75
158 75
159 75
160 75
161 75
162 75
163 75
164 75
165 75
166 75
167 75
168 75
169 75
170 75
171 75
172 75
173 75
174 75
175 75
176 75
177 76
178 76
179 77
180 77
181 77
182 77
183 77
184 77
185 77
186 77
187 77
188 77
189 77
190 77
191 77
192 77
193 77
194 78
195 78
196 78
197 78
198 78
