0 36
1 36
2 36
3 36
4 36
5 36
6 39
7 39
8 39
9 40
10 41
11 43
12 43
13 43
14 45
15 45
16 46
17 47
18 48
19 48
20 48
21 49
22 50
23 53
24 54
25 54
26 54
27 54
28 54
29 55
30 55
31 55
32 55
33 55
34 55
35 55
36 55
37 55
38 55
39 55
40 55
41 55
42 56
43 56
44 56
45 56
46 56
47 56
48 56
49 56
50 56
51 56
52 56
53 57
54 58
55 58
56 58
57 58
58 59
59 59
60 59
61 59
62 59
63 59
64 59
65 59
66 60
67 61
68 62
69 62
70 63
71 64
72 64
73 64
74 64
75 64
76 64
77 65
78 65
79 65
80 66
81 66
82 66
83 67
84 68
85 68
86 68
87 68
88 68
89 68
90 69
91 70
92 70
93 70
94 70
95 70
96 70
97 71
98 72
99 72
100 72
101 72
102 72
103 73
104 73
105 73
106 73
107 73
108 73
109 73
110 73
111 73
112 74
113 74
114 74
115 74
116 74
117 74
118 74
119 75
120 75
121 75
122 75
123 75
124 75
125 75
126 75
127 76
128 77
129 77
130 77
131 77
132 77
133 77
134 77
135 77
136 77
137 77
138 77
139 77
140 77
141 77
142 78
143 78
144 78
145 79
146 79
147 79
148 80
149 80
150 80
151 80
152 80
153 80
154 80
155 80
156 80
157 81
158 81
159 82
160 82
161 82
162 82
163 82
164 82
165 82
166 82
167 82
168 82
169 83
170 84
171 84
172 84
173 84
174 84
175 84
176 84
177 84
178 85
179 85
180 86
181 86
182 86
183 86
184 86
185 86
186 86
187 86
188 87
189 87
190 87
191 87
192 87
193 88
194 88
195 89
196 89
197 89
198 89
199 89
200 89
201 89
202 89
203 89
204 89
205 89
206 89
207 89
208 89
209 89
210 89
211 89
212 89
213 89
214 89
215 89
216 89
217 89
218 89
219 89
220 89
221 89
222 89
223 89
224 89
225 89
226 89
227 89
228 89
229 89
230 89
231 89
232 89
233 89
234 89
235 90
236 90
237 90
238 90
239 90
240 90
241 90
242 90
243 90
244 90
245 90
246 90
247 90
248 90
249 90
250 90
251 90
252 90
253 91
254 91
255 91
256 91
257 91
258 91
259 92
260 92
261 92
262 92
263 93
264 93
265 93
266 93
267 93
268 93
269 93
270 93
271 93
272 93
273 93
274 93
275 93
276 93
277 93
278 93
279 94
280 94
281 94
282 94
283 94
284 94
285 94
286 94
287 94
288 94
289 94
290 94
291 94
292 94
293 95
294 96
295 96
296 96
297 96
298 96
299 96
300 96
301 96
302 96
303 96
304 96
305 96
306 96
307 96
308 96
309 96
310 96
311 96
312 96
313 96
314 96
315 96
316 96
317 96
318 96
319 96
320 96
321 96
322 96
323 96
324 96
325 96
326 96
327 96
328 96
329 97
330 97
331 97
332 97
333 97
334 97
335 97
336 97
337 97
338 97
339 97
340 97
341 97
342 98
343 98
344 98
345 98
346 98
347 98
348 98
349 98
350 98
351 98
352 98
353 99
354 99
355 99
356 99
357 99
358 99
359 99
360 99
361 99
362 99
363 99
364 99
365 99
366 99
367 99
368 99
369 99
370 99
371 99
372 99
373 99
374 99
375 99
376 99
377 99
378 99
379 99
380 99
381 99
382 99
383 99
384 99
385 99
386 99
387 99
388 99
389 99
390 99
391 99
392 99
393 99
394 99
395 99
396 99
397 99
398 99
399 99
400 99
401 99
402 99
403 99
404 99
405 99
406 99
407 99
408 99
409 99
0 30
0 40
1 41
2 42
3 44
4 45
5 46
6 47
7 47
8 47
9 48
10 49
11 50
12 52
13 54
14 55
15 55
16 55
17 56
18 56
19 56
20 56
21 56
22 56
23 57
24 57
25 57
26 57
27 57
28 58
29 58
30 58
31 58
32 58
33 58
34 60
35 60
36 60
37 60
38 60
39 61
40 62
41 62
42 62
43 63
44 64
45 64
46 65
47 66
48 66
49 66
50 66
51 66
52 67
53 69
54 69
55 70
56 71
57 71
58 71
59 71
60 71
61 71
62 71
63 71
64 72
65 72
66 73
67 74
68 74
69 74
70 74
71 74
72 75
73 75
74 77
75 78
76 81
77 81
78 81
79 81
80 81
81 81
82 81
83 81
84 81
85 82
86 83
87 83
88 83
89 83
90 83
91 83
92 83
93 83
94 84
95 84
96 85
97 85
98 85
99 85
100 85
101 85
102 85
103 85
104 85
105 85
106 87
107 88
108 88
109 89
110 89
111 89
112 89
113 89
114 89
115 89
116 89
117 89
118 89
119 90
120 90
121 90
122 90
123 90
